1.5991585418,-0.5143639786,0.2397492708,1.086441524,-0.2883439928,1.5591159873,1.3163296571,5.31462436488758E-05,-5.27975897117505E-05,0.7322796719,-0.0103217838,0.2536988509,-0.1291126098,0.7294425885,-0.0129199338,0.8273811258,2.96924926640393E-05,-2.0374357946741E-05
1.5991585418,-0.5143639786,0.2397492708,1.086441524,-0.2883439928,1.5591159873,1.3163296571,5.31462436488758E-05,-5.27975897117505E-05,0.7322796719,-0.0103217838,0.2536988509,-0.1291126098,0.7294425885,-0.0129199338,0.8273811258,2.96924926640393E-05,-2.0374357946741E-05
1.5991585418,-0.5143639786,0.2397492708,1.086441524,-0.2883439928,1.5591159873,1.3163296571,5.31462436488758E-05,-5.27975897117505E-05,0.7322796719,-0.0103217838,0.2536988509,-0.1291126098,0.7294425885,-0.0129199338,0.8273811258,2.96924926640393E-05,-2.0374357946741E-05
1.5991585418,-0.5143639786,0.2397492708,1.086441524,-0.2883439928,1.5591159873,1.3163296571,5.31462436488758E-05,-5.27975897117505E-05,0.7322796719,-0.0103217838,0.2536988509,-0.1291126098,0.7294425885,-0.0129199338,0.8273811258,2.96924926640393E-05,-2.0374357946741E-05
1.5991585418,-0.5143639786,0.2397492708,1.086441524,-0.2883439928,1.5591159873,1.3163296571,5.31462436488758E-05,-5.27975897117505E-05,0.7322796719,-0.0103217838,0.2536988509,-0.1291126098,0.7294425885,-0.0129199338,0.8273811258,2.96924926640393E-05,-2.0374357946741E-05
1.5991585418,-0.5143639786,0.2397492708,1.086441524,-0.2883439928,1.5591159873,1.3163296571,5.31462436488758E-05,-5.27975897117505E-05,0.7322796719,-0.0103217838,0.2536988509,-0.1291126098,0.7294425885,-0.0129199338,0.8273811258,2.96924926640393E-05,-2.0374357946741E-05
1.5991585418,-0.5143639786,0.2397492708,1.086441524,-0.2883439928,1.5591159873,1.3163296571,5.31462436488758E-05,-5.27975897117505E-05,0.7322796719,-0.0103217838,0.2536988509,-0.1291126098,0.7294425885,-0.0129199338,0.8273811258,2.96924926640393E-05,-2.0374357946741E-05
1.5991585418,-0.5143639786,0.2397492708,1.086441524,-0.2883439928,1.5591159873,1.3163296571,5.31462436488758E-05,-5.27975897117505E-05,0.7322796719,-0.0103217838,0.2536988509,-0.1291126098,0.7294425885,-0.0129199338,0.8273811258,2.96924926640393E-05,-2.0374357946741E-05
1.5991585418,-0.5143639786,0.2397492708,1.086441524,-0.2883439928,1.5591159873,1.3163296571,5.31462436488758E-05,-5.27975897117505E-05,0.7322796719,-0.0103217838,0.2536988509,-0.1291126098,0.7294425885,-0.0129199338,0.8273811258,2.96924926640393E-05,-2.0374357946741E-05
1.5991585418,-0.5143639786,0.2397492708,1.086441524,-0.2883439928,1.5591159873,1.3163296571,5.31462436488758E-05,-5.27975897117505E-05,0.7322796719,-0.0103217838,0.2536988509,-0.1291126098,0.7294425885,-0.0129199338,0.8273811258,2.96924926640393E-05,-2.0374357946741E-05
1.5991585418,-0.5143639786,0.2397492708,1.086441524,-0.2883439928,1.5591159873,1.3163296571,5.31462436488758E-05,-5.27975897117505E-05,0.7322796719,-0.0103217838,0.2536988509,-0.1291126098,0.7294425885,-0.0129199338,0.8273811258,2.96924926640393E-05,-2.0374357946741E-05
1.5991585418,-0.5143639786,0.2397492708,1.086441524,-0.2883439928,1.5591159873,1.3163296571,5.31462436488758E-05,-5.27975897117505E-05,0.7322796719,-0.0103217838,0.2536988509,-0.1291126098,0.7294425885,-0.0129199338,0.8273811258,2.96924926640393E-05,-2.0374357946741E-05
1.5991585418,-0.5143639786,0.2397492708,1.086441524,-0.2883439928,1.5591159873,1.3163296571,5.31462436488758E-05,-5.27975897117505E-05,0.7322796719,-0.0103217838,0.2536988509,-0.1291126098,0.7294425885,-0.0129199338,0.8273811258,2.96924926640393E-05,-2.0374357946741E-05
1.5991585418,-0.5143639786,0.2397492708,1.086441524,-0.2883439928,1.5591159873,1.3163296571,5.31462436488758E-05,-5.27975897117505E-05,0.7322796719,-0.0103217838,0.2536988509,-0.1291126098,0.7294425885,-0.0129199338,0.8273811258,2.96924926640393E-05,-2.0374357946741E-05
1.5991585418,-0.5143639786,0.2397492708,1.086441524,-0.2883439928,1.5591159873,1.3163296571,5.31462436488758E-05,-5.27975897117505E-05,0.7322796719,-0.0103217838,0.2536988509,-0.1291126098,0.7294425885,-0.0129199338,0.8273811258,2.96924926640393E-05,-2.0374357946741E-05
1.5991585418,-0.5143639786,0.2397492708,1.086441524,-0.2883439928,1.5591159873,1.3163296571,5.31462436488758E-05,-5.27975897117505E-05,0.7322796719,-0.0103217838,0.2536988509,-0.1291126098,0.7294425885,-0.0129199338,0.8273811258,2.96924926640393E-05,-2.0374357946741E-05
1.5991585418,-0.5143639786,0.2397492708,1.086441524,-0.2883439928,1.5591159873,1.3163296571,5.31462436488758E-05,-5.27975897117505E-05,0.7322796719,-0.0103217838,0.2536988509,-0.1291126098,0.7294425885,-0.0129199338,0.8273811258,2.96924926640393E-05,-2.0374357946741E-05
1.5991585418,-0.5143639786,0.2397492708,1.086441524,-0.2883439928,1.5591159873,1.3163296571,5.31462436488758E-05,-5.27975897117505E-05,0.7322796719,-0.0103217838,0.2536988509,-0.1291126098,0.7294425885,-0.0129199338,0.8273811258,2.96924926640393E-05,-2.0374357946741E-05
1.5991585418,-0.5143639786,0.2397492708,1.086441524,-0.2883439928,1.5591159873,1.3163296571,5.31462436488758E-05,-5.27975897117505E-05,0.7322796719,-0.0103217838,0.2536988509,-0.1291126098,0.7294425885,-0.0129199338,0.8273811258,2.96924926640393E-05,-2.0374357946741E-05
1.5991585418,-0.5143639786,0.2397492708,1.086441524,-0.2883439928,1.5591159873,1.3163296571,5.31462436488758E-05,-5.27975897117505E-05,0.7322796719,-0.0103217838,0.2536988509,-0.1291126098,0.7294425885,-0.0129199338,0.8273811258,2.96924926640393E-05,-2.0374357946741E-05
1.5991585418,-0.5143639786,0.2397492708,1.086441524,-0.2883439928,1.5591159873,1.3163296571,5.31462436488758E-05,-5.27975897117505E-05,0.7322796719,-0.0103217838,0.2536988509,-0.1291126098,0.7294425885,-0.0129199338,0.8273811258,2.96924926640393E-05,-2.0374357946741E-05
1.5991585418,-0.5143639786,0.2397492708,1.086441524,-0.2883439928,1.5591159873,1.3163296571,5.31462436488758E-05,-5.27975897117505E-05,0.7322796719,-0.0103217838,0.2536988509,-0.1291126098,0.7294425885,-0.0129199338,0.8273811258,2.96924926640393E-05,-2.0374357946741E-05
1.5991585418,-0.5143639786,0.2397492708,1.086441524,-0.2883439928,1.5591159873,1.3163296571,5.31462436488758E-05,-5.27975897117505E-05,0.7322796719,-0.0103217838,0.2536988509,-0.1291126098,0.7294425885,-0.0129199338,0.8273811258,2.96924926640393E-05,-2.0374357946741E-05
1.5991585418,-0.5143639786,0.2397492708,1.086441524,-0.2883439928,1.5591159873,1.3163296571,5.31462436488758E-05,-5.27975897117505E-05,0.7322796719,-0.0103217838,0.2536988509,-0.1291126098,0.7294425885,-0.0129199338,0.8273811258,2.96924926640393E-05,-2.0374357946741E-05
1.5991585418,-0.5143639786,0.2397492708,1.086441524,-0.2883439928,1.5591159873,1.3163296571,5.31462436488758E-05,-5.27975897117505E-05,0.7322796719,-0.0103217838,0.2536988509,-0.1291126098,0.7294425885,-0.0129199338,0.8273811258,2.96924926640393E-05,-2.0374357946741E-05
1.5991585418,-0.5143639786,0.2397492708,1.086441524,-0.2883439928,1.5591159873,1.3163296571,5.31462436488758E-05,-5.27975897117505E-05,0.7322796719,-0.0103217838,0.2536988509,-0.1291126098,0.7294425885,-0.0129199338,0.8273811258,2.96924926640393E-05,-2.0374357946741E-05
1.5991585418,-0.5143639786,0.2397492708,1.086441524,-0.2883439928,1.5591159873,1.3163296571,5.31462436488758E-05,-5.27975897117505E-05,0.7322796719,-0.0103217838,0.2536988509,-0.1291126098,0.7294425885,-0.0129199338,0.8273811258,2.96924926640393E-05,-2.0374357946741E-05
1.5991585418,-0.5143639786,0.2397492708,1.086441524,-0.2883439928,1.5591159873,1.3163296571,5.31462436488758E-05,-5.27975897117505E-05,0.7322796719,-0.0103217838,0.2536988509,-0.1291126098,0.7294425885,-0.0129199338,0.8273811258,2.96924926640393E-05,-2.0374357946741E-05
1.5991585418,-0.5143639786,0.2397492708,1.086441524,-0.2883439928,1.5591159873,1.3163296571,5.31462436488758E-05,-5.27975897117505E-05,0.7322796719,-0.0103217838,0.2536988509,-0.1291126098,0.7294425885,-0.0129199338,0.8273811258,2.96924926640393E-05,-2.0374357946741E-05
1.5991585418,-0.5143639786,0.2397492708,1.086441524,-0.2883439928,1.5591159873,1.3163296571,5.31462436488758E-05,-5.27975897117505E-05,0.7322796719,-0.0103217838,0.2536988509,-0.1291126098,0.7294425885,-0.0129199338,0.8273811258,2.96924926640393E-05,-2.0374357946741E-05
1.5991585418,-0.5143639786,0.2397492708,1.086441524,-0.2883439928,1.5591159873,1.3163296571,5.31462436488758E-05,-5.27975897117505E-05,0.7322796719,-0.0103217838,0.2536988509,-0.1291126098,0.7294425885,-0.0129199338,0.8273811258,2.96924926640393E-05,-2.0374357946741E-05
1.5991585418,-0.5143639786,0.2397492708,1.086441524,-0.2883439928,1.5591159873,1.3163296571,5.31462436488758E-05,-5.27975897117505E-05,0.7322796719,-0.0103217838,0.2536988509,-0.1291126098,0.7294425885,-0.0129199338,0.8273811258,2.96924926640393E-05,-2.0374357946741E-05
1.5991585418,-0.5143639786,0.2397492708,1.086441524,-0.2883439928,1.5591159873,1.3163296571,5.31462436488758E-05,-5.27975897117505E-05,0.7322796719,-0.0103217838,0.2536988509,-0.1291126098,0.7294425885,-0.0129199338,0.8273811258,2.96924926640393E-05,-2.0374357946741E-05
1.5991585418,-0.5143639786,0.2397492708,1.086441524,-0.2883439928,1.5591159873,1.3163296571,5.31462436488758E-05,-5.27975897117505E-05,0.7322796719,-0.0103217838,0.2536988509,-0.1291126098,0.7294425885,-0.0129199338,0.8273811258,2.96924926640393E-05,-2.0374357946741E-05
1.5991585418,-0.5143639786,0.2397492708,1.086441524,-0.2883439928,1.5591159873,1.3163296571,5.31462436488758E-05,-5.27975897117505E-05,0.7322796719,-0.0103217838,0.2536988509,-0.1291126098,0.7294425885,-0.0129199338,0.8273811258,2.96924926640393E-05,-2.0374357946741E-05
1.5991585418,-0.5143639786,0.2397492708,1.086441524,-0.2883439928,1.5591159873,1.3163296571,5.31462436488758E-05,-5.27975897117505E-05,0.7322796719,-0.0103217838,0.2536988509,-0.1291126098,0.7294425885,-0.0129199338,0.8273811258,2.96924926640393E-05,-2.0374357946741E-05
1.5991585418,-0.5143639786,0.2397492708,1.086441524,-0.2883439928,1.5591159873,1.3163296571,5.31462436488758E-05,-5.27975897117505E-05,0.7322796719,-0.0103217838,0.2536988509,-0.1291126098,0.7294425885,-0.0129199338,0.8273811258,2.96924926640393E-05,-2.0374357946741E-05
1.5991585418,-0.5143639786,0.2397492708,1.086441524,-0.2883439928,1.5591159873,1.3163296571,5.31462436488758E-05,-5.27975897117505E-05,0.7322796719,-0.0103217838,0.2536988509,-0.1291126098,0.7294425885,-0.0129199338,0.8273811258,2.96924926640393E-05,-2.0374357946741E-05
1.5991585418,-0.5143639786,0.2397492708,1.086441524,-0.2883439928,1.5591159873,1.3163296571,5.31462436488758E-05,-5.27975897117505E-05,0.7322796719,-0.0103217838,0.2536988509,-0.1291126098,0.7294425885,-0.0129199338,0.8273811258,2.96924926640393E-05,-2.0374357946741E-05
1.5991585418,-0.5143639786,0.2397492708,1.086441524,-0.2883439928,1.5591159873,1.3163296571,5.31462436488758E-05,-5.27975897117505E-05,0.7322796719,-0.0103217838,0.2536988509,-0.1291126098,0.7294425885,-0.0129199338,0.8273811258,2.96924926640393E-05,-2.0374357946741E-05
1.5991585418,-0.5143639786,0.2397492708,1.086441524,-0.2883439928,1.5591159873,1.3163296571,5.31462436488758E-05,-5.27975897117505E-05,0.7322796719,-0.0103217838,0.2536988509,-0.1291126098,0.7294425885,-0.0129199338,0.8273811258,2.96924926640393E-05,-2.0374357946741E-05
1.5991585418,-0.5143639786,0.2397492708,1.086441524,-0.2883439928,1.5591159873,1.3163296571,5.31462436488758E-05,-5.27975897117505E-05,0.7322796719,-0.0103217838,0.2536988509,-0.1291126098,0.7294425885,-0.0129199338,0.8273811258,2.96924926640393E-05,-2.0374357946741E-05
1.5991585418,-0.5143639786,0.2397492708,1.086441524,-0.2883439928,1.5591159873,1.3163296571,5.31462436488758E-05,-5.27975897117505E-05,0.7322796719,-0.0103217838,0.2536988509,-0.1291126098,0.7294425885,-0.0129199338,0.8273811258,2.96924926640393E-05,-2.0374357946741E-05
1.5991585418,-0.5143639786,0.2397492708,1.086441524,-0.2883439928,1.5591159873,1.3163296571,5.31462436488758E-05,-5.27975897117505E-05,0.7322796719,-0.0103217838,0.2536988509,-0.1291126098,0.7294425885,-0.0129199338,0.8273811258,2.96924926640393E-05,-2.0374357946741E-05
1.5991585418,-0.5143639786,0.2397492708,1.086441524,-0.2883439928,1.5591159873,1.3163296571,5.31462436488758E-05,-5.27975897117505E-05,0.7322796719,-0.0103217838,0.2536988509,-0.1291126098,0.7294425885,-0.0129199338,0.8273811258,2.96924926640393E-05,-2.0374357946741E-05
1.5991585418,-0.5143639786,0.2397492708,1.086441524,-0.2883439928,1.5591159873,1.3163296571,5.31462436488758E-05,-5.27975897117505E-05,0.7322796719,-0.0103217838,0.2536988509,-0.1291126098,0.7294425885,-0.0129199338,0.8273811258,2.96924926640393E-05,-2.0374357946741E-05
1.5991585418,-0.5143639786,0.2397492708,1.086441524,-0.2883439928,1.5591159873,1.3163296571,5.31462436488758E-05,-5.27975897117505E-05,0.7322796719,-0.0103217838,0.2536988509,-0.1291126098,0.7294425885,-0.0129199338,0.8273811258,2.96924926640393E-05,-2.0374357946741E-05
1.5991585418,-0.5143639786,0.2397492708,1.086441524,-0.2883439928,1.5591159873,1.3163296571,5.31462436488758E-05,-5.27975897117505E-05,0.7322796719,-0.0103217838,0.2536988509,-0.1291126098,0.7294425885,-0.0129199338,0.8273811258,2.96924926640393E-05,-2.0374357946741E-05
1.5991585418,-0.5143639786,0.2397492708,1.086441524,-0.2883439928,1.5591159873,1.3163296571,5.31462436488758E-05,-5.27975897117505E-05,0.7322796719,-0.0103217838,0.2536988509,-0.1291126098,0.7294425885,-0.0129199338,0.8273811258,2.96924926640393E-05,-2.0374357946741E-05
1.5991585418,-0.5143639786,0.2397492708,1.086441524,-0.2883439928,1.5591159873,1.3163296571,5.31462436488758E-05,-5.27975897117505E-05,0.7322796719,-0.0103217838,0.2536988509,-0.1291126098,0.7294425885,-0.0129199338,0.8273811258,2.96924926640393E-05,-2.0374357946741E-05
1.5991585418,-0.5143639786,0.2397492708,1.086441524,-0.2883439928,1.5591159873,1.3163296571,5.31462436488758E-05,-5.27975897117505E-05,0.7322796719,-0.0103217838,0.2536988509,-0.1291126098,0.7294425885,-0.0129199338,0.8273811258,2.96924926640393E-05,-2.0374357946741E-05
1.6229882169,-0.5317479506,0.221613369,1.1157688317,-0.3003609419,1.5200627187,1.3403796934,0,0,0.7107108481,-0.7209189364,-0.4174591163,0.1838979869,-0.2253312682,-0.6982703852,0.6323014077,-5.46286707692642E-08,-3.49136610510146E-05
1.6548348603,-0.5712769447,0.2021864677,1.135728132,-0.3082925013,1.4808923787,1.3662983651,0,0,0.9068936011,-1.0470745703,-0.1816847793,-0.0937743523,0.0239066497,-0.4627488274,0.6931963079,1.55930534373386E-05,-8.46057564346381E-06
1.6901792326,-0.622111457,0.1881653112,1.1478421789,-0.3115791785,1.4298958294,1.3931803957,0,0,0.9340735554,-1.2937506091,-0.0652915127,-0.31660369,0.0403776569,-0.733135695,0.6996979802,9.42419403782564E-06,-6.87480821493882E-06
1.723775658,-0.6636839102,0.1897961999,1.1071689044,-0.3181133412,1.3970145967,1.4222362969,0,0,0.7678119163,-0.7702055974,0.1681222185,-1.122311282,0.0042013298,-0.4407448588,0.7235033666,1.28337274653266E-05,1.7071011454842E-06
1.7511505135,-0.6892359625,0.200650882,1.0725162645,-0.3071589524,1.3651314323,1.4483575805,0,0,0.5886497414,-0.5510094772,0.3552570997,-0.7541412763,0.3101832061,-0.566586933,0.5893480178,0.000023546,-2.62819063850786E-06
1.7702753136,-0.7049666508,0.2196020014,1.0357141749,-0.2926847393,1.3427789189,1.4696990567,0,0,0.3386665171,-0.3069900547,0.4260304053,-0.7641887817,0.2890150639,-0.3840159248,0.4538893201,2.56083548518212E-05,-9.57463274367258E-06
1.7795706966,-0.7227145039,0.2335767387,1.0103792685,-0.2790376061,1.3046837478,1.4856708979,0,0,0.1438298307,-0.5476006143,0.3222990451,-0.7002854864,0.198885231,-0.6997410412,0.3318066723,0.0002276926,-0.0002366354
1.78247323,-0.7488459014,0.2418660658,0.9764754514,-0.2769685027,1.2654878156,1.4983429744,0,0,0.0405398154,-0.6825285766,0.1887732859,-0.9486942015,-0.0297143865,-0.6065310719,0.2810125347,0.0001550237,-0.0001580863
1.7832283427,-0.7789256836,0.2484070554,0.9378960442,-0.2765205186,1.2272252736,1.5094133812,0,0,0.0077505668,-0.7555045716,0.1926964941,-1.0317669231,-0.037667278,-0.5871836392,0.2451112883,0.0001036051,-0.0001074957
1.7825412207,-0.8114410657,0.2548759384,0.8959878108,-0.2767940705,1.1893561427,1.5190568503,0,0,-0.0276118804,-0.7990604644,0.1906263206,-1.1106109439,-0.0603227794,-0.568880696,0.2141970297,6.87181814745719E-05,-0.000073655
1.7805455146,-0.844451134,0.2626560092,0.8525552963,-0.2762610691,1.155125692,1.5274113339,0,0,-0.0673548023,-0.7878107886,0.2180775606,-1.1177028404,-0.0526577746,-0.4888664477,0.1790762154,0.000045475,-5.06845168143825E-05
1.7765270464,-0.877586036,0.2698639664,0.8082564458,-0.2765760594,1.1214476739,1.5343631151,0,0,-0.1155505797,-0.7963667811,0.1932561063,-1.1529638811,-0.079890331,-0.4880706773,0.1485354881,2.89635695118937E-05,-3.60252408975824E-05
1.7706031933,-0.9121042044,0.2759811553,0.7631287755,-0.2774411558,1.0866177935,1.5401779118,0,0,-0.1569002149,-0.8361439368,0.1767188762,-1.1913327875,-0.0985778563,-0.5047640689,0.1235946182,0.000017441,-2.65105952843527E-05
1.7628172446,-0.9496322749,0.2810335845,0.7170906818,-0.2786956084,1.0490094858,1.5449961521,0,0,-0.1975663204,-0.9143376545,0.1653335643,-1.2463027331,-0.1187809032,-0.5488901871,0.1021236762,8.84722360675588E-06,-2.09124486719854E-05
1.7539273764,-0.9876777197,0.2865517914,0.6688553323,-0.2809091565,1.0148982316,1.549055534,0,0,-0.2201893219,-0.8829031912,0.1663170124,-1.2511486608,-0.1321632872,-0.4721836946,0.0843973659,4.03088911332971E-06,-1.61461852577335E-05
1.7432732772,-1.0283092281,0.2898779129,0.6192900619,-0.2833935307,0.9732797731,1.5524110377,0,0,-0.2615698047,-0.9917680959,0.1327016216,-1.3591703819,-0.1524087804,-0.6505982687,0.0733902597,-2.75092276192366E-07,-1.39465978701867E-05
1.7321397108,-1.0688170281,0.293897963,0.5673489839,-0.2871864309,0.9371962464,1.5553404684,0,0,-0.2621659844,-0.9195631079,0.1367763544,-1.3180722146,-0.1597836213,-0.5115138067,0.0634322408,-2.46179370023487E-06,-1.17216396198304E-05
1.7197892882,-1.1121787245,0.2944661253,0.5130094585,-0.2913827423,0.8894412948,1.5577787614,0,0,-0.2908089488,-1.0621647447,0.0833301792,-1.4847619261,-0.1798536179,-0.8128019441,0.0632247503,-3.95544906916023E-06,-1.01961762953445E-05
1.7071900001,-1.1579547155,0.2961035944,0.4569990883,-0.2956098861,0.8431258674,1.5603256607,0,0,-0.2896102678,-1.0631856416,0.1167325657,-1.4469435181,-0.1695774253,-0.7361643501,0.0657338481,-0.000006388,-1.09393736536278E-05
1.6939112012,-1.2062359058,0.2966311232,0.4011899278,-0.2996247455,0.7918184395,1.5625216924,0,0,-0.3065301636,-1.150139681,0.1021795931,-1.4982286889,-0.1708031618,-0.8829546221,0.0633680438,-0.000007737,-1.11834336248971E-05
1.6802415337,-1.2574621779,0.2966714534,0.3450609925,-0.3039001379,0.7380805298,1.5643769567,0,0,-0.3072753755,-1.2052765246,0.1056902404,-1.4973385,-0.1673137598,-0.9334871071,0.0623626415,-9.04944821793925E-06,-1.3254330340597E-05
1.6666188852,-1.311594831,0.2959614353,0.2875312567,-0.3082385958,0.6779885673,1.5659943976,0,0,-0.3027046453,-1.2827718329,0.1049514365,-1.5506869706,-0.1578617452,-1.1129229558,0.0680242249,-9.82739960086533E-06,-1.26658554559362E-05
1.6532056189,-1.3695800726,0.2944936472,0.2288733153,-0.3124264754,0.6095567676,1.5673669842,0,0,-0.2960803914,-1.3880257111,0.1091707763,-1.5888193876,-0.1401316082,-1.331086421,0.0750650527,-1.10291940249086E-05,-1.3351714687288E-05
1.6408353014,-1.4318143865,0.2936892038,0.1669995664,-0.3156535148,0.5318104535,1.5688750624,0,0,-0.2652016406,-1.4869562135,0.1148707048,-1.5726132867,-0.0981785346,-1.6748710388,0.0818814886,4.10133121572729E-06,-9.50684010967858E-06
1.6303831366,-1.4961848755,0.2952029013,0.1059492554,-0.3163638823,0.4464573674,1.5710287183,0,0,-0.23120306,-1.5644714487,0.2287351153,-1.6601642251,0.0467384495,-1.7937509218,0.155703339,-0.000033911,6.36769178461834E-06
1.6216136034,-1.5654125249,0.2973112805,0.0478302938,-0.3150064452,0.3437276096,1.5722689323,0,0,-0.1914584507,-1.7061878219,0.1613275502,-1.357175539,0.0205697977,-2.5670133992,0.0866721661,5.00841739053083E-06,-7.85724055140278E-06
1.6150869896,-1.633296342,0.3044791133,-0.0004081741,-0.3114941209,0.2297488264,1.5750730186,0,0,-0.1456570924,-1.5700806242,0.3088947762,-1.0771672189,0.1294247939,-2.6961761656,0.1682348032,7.76303622841657E-05,-0.0001071119
1.6122184021,-1.6900685038,0.3134957532,-0.0277928048,-0.3104049519,0.1118224641,1.5799190807,0,0,-0.0367291912,-1.1649256563,0.3366059383,-0.4485598422,0.0443020123,-2.6484500158,0.2792640808,0.0058379146,-0.0058055237
1.6113823356,-1.7129108205,0.3353512789,-0.0321148373,-0.3070499281,0.0505443227,1.5953638649,0,0,0.0108669234,-0.042636007,0.6052673979,0.1202141916,0.0650569702,-0.5465730138,0.4475959385,7.33884246292112E-05,-0.0001833408
1.6106160208,-1.6982162928,0.352168313,-0.0167892756,-0.3064197636,0.0554468151,1.6091754211,0,0,0.0118567456,0.5326326456,0.1790719644,0.4370623911,-0.0750172807,0.5300957987,0.2191733474,8.37671825293549E-05,-8.91845687489861E-05
1.6082735522,-1.6799891431,0.3504288742,-0.0002863009,-0.3095394887,0.0703091066,1.6127376896,0,0,-0.0776654855,0.2594640313,-0.1956292646,0.2239453051,-0.109986303,0.2459111312,-0.0219395848,5.09348315719616E-05,-6.5778542995303E-05
1.6002066395,-1.6765771086,0.3436965472,0.0033746329,-0.3117108494,0.0697066936,1.6120502838,0,0,-0.2148315848,-0.097204335,-0.1242526029,-0.1516889968,-0.0607987194,-0.065606945,-0.0425160063,0.000026815,-5.20703785717907E-05
1.5895964708,-1.6782244107,0.3450952156,-0.0017197621,-0.3119297348,0.0711468977,1.6135456283,0,0,-0.2191375007,-0.0384939113,0.0646831925,-0.1693079154,-0.0329278673,0.1300729025,0.0223995568,1.59768518629142E-05,-3.7285105298098E-05
1.5799428876,-1.6543391873,0.3693961155,-0.0164195917,-0.306973439,0.1574929699,1.626629509,0,0,-0.1363040795,1.0644865331,0.5471487954,-0.1886648835,-0.0229628509,3.1465951371,0.266863227,0.0001334315,-4.50101249789401E-05
1.5781918395,-1.5963213003,0.3841815275,-0.009237943,-0.3092630141,0.2989846568,1.632783556,0,0,0.069175055,1.5876699691,0.0008884391,0.575150539,-0.2197192545,3.3884168598,-0.0640091113,0.000054089,-6.66060894600725E-05
1.579853276,-1.5322443874,0.3814097679,0.0216122538,-0.3128505855,0.4219887835,1.6287193473,0,0,0.0186665148,1.3648064292,-0.3922153629,0.934333606,-0.1863101196,2.3187757501,-0.3132849466,4.7104372065597E-05,-3.46649474668642E-05
1.5769414414,-1.4877083469,0.3705822323,0.0525106372,-0.3144269052,0.4998193886,1.6188104736,0,0,-0.1335819569,0.7689856413,-0.3836322684,0.6179416163,-0.1109545308,1.3400219439,-0.3541656931,2.89475500810131E-05,-2.64675424791685E-05
1.569692725,-1.4622278183,0.3652881433,0.0673890912,-0.3143982711,0.5528055108,1.6097266636,0,0,-0.2033616018,0.4456726294,-0.2022361288,0.2538945314,-0.090212113,1.0078865388,-0.2969899361,1.79188057238434E-05,-1.96073434824703E-05
1.5612638507,-1.4461512961,0.363289245,0.0734096236,-0.3149816282,0.5954352961,1.6008631935,0,0,-0.209930014,0.2892014773,-0.1307296596,0.101214546,-0.0879889736,0.8403328792,-0.2761376456,1.00957119237249E-05,-0.000015327
1.5528631836,-1.435794451,0.3622165299,0.075649583,-0.3156097552,0.6292496692,1.5919699548,0,0,-0.2063739136,0.1709793496,-0.0930189856,0.0095896011,-0.0782947129,0.6655577856,-0.260606077,5.57977596492595E-06,-1.16586084652719E-05
1.5439686907,-1.4328332736,0.3601448777,0.0756069529,-0.3158934494,0.6472119493,1.5826753588,0,0,-0.2261814271,-0.033740214,-0.0752629746,-0.1248728187,-0.0708790565,0.3212924506,-0.2486774678,8.38918793849131E-07,-1.08550712303511E-05
1.5351790259,-1.4327327215,0.3622048489,0.069775361,-0.3158383777,0.6646479352,1.5752235997,0,0,-0.2106266111,-0.0095604444,0.0036349976,-0.1649196703,-0.0642125187,0.3976066298,-0.2096025751,1.07380350001915E-06,-6.95861610096628E-06
1.5267766603,-1.4315452102,0.3649068046,0.0650104371,-0.3156154528,0.6829935615,1.5681191418,0,0,-0.2079088225,0.0082075152,-0.0017661388,-0.1317076088,-0.0633743491,0.3965734388,-0.2091900679,5.85801979188414E-08,-5.52467701761772E-06
1.5184086866,-1.4293929046,0.3678069604,0.0609773114,-0.3153526369,0.7025736404,1.5610928719,0,0,-0.2086518541,0.0352536311,-0.0026073795,-0.1064400665,-0.0661504529,0.424315076,-0.2116414815,-3.97138432955793E-07,-4.33588628938409E-06
1.5099371515,-1.4265949359,0.3702967421,0.0576557805,-0.3152865002,0.7219729844,1.5537881934,0,0,-0.2125047862,0.0444081928,-0.0133539058,-0.0938134371,-0.0721131936,0.4103539624,-0.2193521279,-1.01254075832675E-06,-3.82754862965578E-06
1.5013799399,-1.4230949104,0.3728040848,0.0545859712,-0.3153733479,0.7422125511,1.5463460749,0,0,-0.2140384456,0.0663051446,-0.0159477724,-0.0765857766,-0.0761203098,0.4310675667,-0.2245470549,-1.20781699792205E-06,-3.26093961347435E-06
1.4927843211,-1.4186016392,0.3752683734,0.0519304904,-0.3155985887,0.7634996745,1.5387109188,0,0,-0.2152708235,0.091227165,-0.0218121162,-0.0578145546,-0.0797943263,0.4480869511,-0.2313383253,-1.29929221953479E-06,-2.83321514480734E-06
1.4842021195,-1.4134879581,0.3771009529,0.0499147707,-0.3162599413,0.7851973244,1.5305971021,0,0,-0.2136040715,0.1014542417,-0.0350102748,-0.0422989752,-0.0864584032,0.450449707,-0.2411324467,-1.78630460413994E-06,-2.94081967898852E-06
1.4758468769,-1.4073554979,0.3790839054,0.0479588434,-0.3171177114,0.8089331272,1.5223862283,0,0,-0.2060863498,0.1357884372,-0.0346860572,-0.0201402447,-0.0868735436,0.4950130737,-0.2437340784,-0.000001045,-2.99850898825129E-06
1.4678298077,-1.4002860539,0.3805043972,0.0463754833,-0.3183903367,0.8331123057,1.5138428677,0,0,-0.1967499835,0.1536275986,-0.0474808366,-0.0073628548,-0.0906025141,0.4904666176,-0.2489177807,-8.07426603974646E-07,-0.000003324
1.4601727874,-1.392858909,0.3813927023,0.0455075826,-0.3198261178,0.857315398,1.5050712132,0,0,-0.1886608891,0.1569152371,-0.0534783113,0.0077277813,-0.0891983499,0.4886533188,-0.2503832381,-1.23218994422221E-06,-2.98894682931751E-06
1.4529018895,-1.3853432837,0.3820526142,0.0447896196,-0.3215042402,0.8818468342,1.4962326081,0,0,-0.177594248,0.16150738,-0.054581781,0.0153381556,-0.0887868842,0.4944011035,-0.2480164421,-1.0293669093034E-06,-3.30505639245077E-06
1.4461670594,-1.3772894041,0.3827772041,0.0444606282,-0.3233187485,0.9082132996,1.4874891557,0,0,-0.1633294234,0.179796675,-0.0529452419,0.0376173268,-0.0851098367,0.53357937,-0.2437263727,-1.30476008257169E-06,-2.93774429681166E-06
1.4399029448,-1.3685605131,0.3836139988,0.0447062209,-0.3249362164,0.9356230668,1.478925258,0,0,-0.1542736175,0.1945806373,-0.0505945642,0.0539675873,-0.0778955197,0.5460455874,-0.238385498,-1.31010761287872E-06,-2.44518277877804E-06
1.433940579,-1.3592092549,0.3845363155,0.0454634678,-0.326456211,0.9642206028,1.4704868716,0,0,-0.1481002404,0.2095385438,-0.0501638148,0.0716010363,-0.0737215776,0.5680485453,-0.2352667132,-1.54462483554307E-06,-0.000002341
1.4282096594,-1.3497059112,0.3850025837,0.0466278119,-0.3282290907,0.9927634456,1.4619726543,0,0,-0.1417302288,0.2084838036,-0.0572851131,0.0766486931,-0.075326574,0.5595757314,-0.2337332114,-1.8916426222969E-06,-2.44952025032582E-06
1.423064309,-1.3395416195,0.3852800097,0.047179256,-0.3308403917,1.0235689274,1.4535705373,0,0,-0.1192793175,0.2388150658,-0.0627743411,0.090907508,-0.0801862211,0.6088084327,-0.2273451633,-6.57238747581657E-07,-4.44065581169615E-06
1.4187008412,-1.3288857865,0.3850308239,0.0485849704,-0.3333425759,1.0538606031,1.4454008776,0,0,-0.10317873,0.2381012422,-0.0666006991,0.100784056,-0.0707304915,0.582387616,-0.2164558057,-8.3739045613216E-07,-3.40438687285367E-06
1.4150099419,-1.3181427655,0.3847322834,0.0495293426,-0.3360456457,1.084058283,1.437704126,0,0,-0.0840526097,0.2460432187,-0.0644920065,0.1000495356,-0.0674638762,0.581559886,-0.2014347568,-1.05733620374071E-07,-4.1026133717967E-06
1.4121228656,-1.3070564747,0.3842859994,0.050435216,-0.3389334746,1.1145265893,1.43054263,0,0,-0.0627126482,0.2554053186,-0.0650382456,0.10770251,-0.062406382,0.5835966073,-0.1851503231,-6.63520452989538E-07,-3.54256015861964E-06
1.4102176585,-1.2954606595,0.3834901234,0.0510747469,-0.3424120649,1.1458977059,1.4239847448,0,0,-0.0334700469,0.2726142643,-0.0706499359,0.1165333507,-0.0622508535,0.5982035484,-0.1661963077,0.000000098,-4.50767542639503E-06
1.4095387391,-1.2834125931,0.3821654254,0.0518852254,-0.3462687342,1.1774713937,1.4181886066,0,0,-0.0005435801,0.2813415393,-0.0753429652,0.1254347513,-0.0569794958,0.5946308366,-0.1421510861,1.52462407190157E-06,-5.42606491178305E-06
1.4100490691,-1.271056111,0.3810779645,0.0531601333,-0.3495982556,1.2092044587,1.4134639052,0,0,0.025740727,0.2869474912,-0.0628035306,0.1372500067,-0.0381082724,0.5962075894,-0.1141854406,1.04727758575112E-06,-3.75030627381827E-06
1.4112548128,-1.2600952259,0.3796394801,0.0568473178,-0.3519030727,1.2386059319,1.4093972091,0,0,0.0335687224,0.2279359205,-0.0541688957,0.1432155494,-0.0231249548,0.5533988643,-0.094877769,9.87360734856057E-07,-2.35339239152492E-06
1.4129239489,-1.2494430327,0.3796075479,0.0589476114,-0.3544130379,1.2713651977,1.406398035,0,0,0.0513336669,0.2564168434,-0.0312953769,0.1465405645,-0.0189868539,0.6357276879,-0.0722927793,-4.74727055666883E-08,-2.40393020718453E-06
1.4152564071,-1.2371351343,0.3802483406,0.062238715,-0.3564309601,1.3081632135,1.4041115437,0,0,0.0647610124,0.295320405,-0.0253371519,0.1911422169,-0.0030272975,0.7069212401,-0.0595149477,1.19234161916036E-07,-2.10275255276858E-06
1.4178774033,-1.2235716496,0.3812817289,0.0672007223,-0.3576174658,1.3474616144,1.4022355583,0,0,0.0662316218,0.316568038,-0.0195293692,0.2251451599,0.0123637454,0.7475766968,-0.0532524884,1.34987393998497E-06,-3.07434543427515E-06
1.4204119354,-1.2094951258,0.3823994477,0.0733193178,-0.3584325693,1.3881322838,1.4004979421,0,0,0.061715348,0.3226773585,-0.0196695441,0.2443594583,0.0168356317,0.7703899868,-0.0518110743,9.28312960147217E-07,-2.92480706953138E-06
1.4226900149,-1.1956698995,0.3834000697,0.0803739475,-0.3589431583,1.4286266396,1.3987401671,0,0,0.0532549204,0.3090396054,-0.0191729571,0.2497678622,0.0190566468,0.7643392468,-0.0522915475,9.99903651521582E-07,-2.98746660111485E-06
1.4246020003,-1.1826760814,0.384420827,0.0878869828,-0.3591853077,1.4682190574,1.3969045106,0,0,0.0428036461,0.2860154723,-0.0146888458,0.2451249089,0.0198979033,0.7491584706,-0.0538105199,8.97116153426339E-07,-2.97365700701294E-06
1.4261346065,-1.1707424942,0.3853953851,0.0955505172,-0.3594319431,1.506773956,1.3949475473,0,0,0.0339106077,0.2606196531,-0.0126776144,0.2366126672,0.0159958181,0.7330230143,-0.0556584892,4.24559651583008E-07,-2.74016238234359E-06
1.4273851978,-1.1593095244,0.3870231241,0.1038500338,-0.3591083899,1.5465880672,1.3927807304,0,0,0.0249378838,0.2539371866,0.0027577759,0.2526309031,0.0259556399,0.7693485755,-0.063049158,9.83763694645805E-07,-3.58660276447511E-06
1.4281957144,-1.1486052808,0.3887234295,0.1130991459,-0.3584550451,1.5861157003,1.3901846723,0,0,0.0118181617,0.2308045293,0.0048994427,0.2556529865,0.0250064099,0.7607870249,-0.072791089,3.70914218966595E-07,-3.09713314006944E-06
1.4284698743,-1.1391025247,0.3906308409,0.1230665709,-0.3572741399,1.6245661205,1.387061621,0,0,-0.0042972784,0.1991861126,0.014783435,0.2533098332,0.0280243694,0.745505464,-0.0851574752,7.1415234966844E-07,-3.44678936173546E-06
1.4281244338,-1.1304395774,0.393371952,0.1337619828,-0.3553381312,1.6638724303,1.3832173006,0,0,-0.0227153809,0.1847799841,0.0330331997,0.2672970136,0.0371106826,0.7739515546,-0.1048618207,1.09422917357959E-06,-4.30912131079253E-06
1.4270467737,-1.1214390029,0.3973108901,0.1450450445,-0.3527052427,1.7062017944,1.3784110982,0,0,-0.042945895,0.2046694855,0.0503700055,0.2965294885,0.048654445,0.8348178424,-0.1320510665,9.17392760296219E-07,-5.10378292502803E-06
1.425078527,-1.1119746085,0.4013583247,0.1573828419,-0.3498008701,1.749201755,1.3724690043,0,0,-0.0665463128,0.2109113992,0.0465542329,0.3146239036,0.046671605,0.8364655599,-0.158958232,-1.74428465755966E-07,-4.48592763751556E-06
1.4222106881,-1.1026443946,0.4049404801,0.1699779572,-0.3472298141,1.7908340419,1.365565012,0,0,-0.0866163969,0.2055095145,0.0362433747,0.3123930379,0.0344415812,0.8041673196,-0.1790135509,-1.05016910406567E-06,-0.000004122
1.4186659275,-1.0937319015,0.4087640102,0.1839786383,-0.3437314844,1.8318525714,1.3574408581,0,0,-0.1068656805,0.1905382538,0.0492580061,0.3344622716,0.0474416451,0.8030228559,-0.2091315213,6.58293359704612E-08,-4.98819829444952E-06
1.4142245371,-1.0856051331,0.4129948552,0.1984748607,-0.3397171339,1.8715022447,1.3480520491,0,0,-0.1311088629,0.1729769199,0.0582823559,0.3334541965,0.0476030443,0.7746320243,-0.2379368522,-8.39399980619632E-07,-4.29548733446228E-06
1.4089093668,-1.0780966673,0.4172556525,0.2134037819,-0.3357715125,1.9100840635,1.3375051193,0,0,-0.1511490236,0.162061008,0.0581746467,0.3409284608,0.0399547946,0.7580708902,-0.2633830226,-1.59650155763396E-06,-3.99726115210369E-06
1.40286524,-1.0712133365,0.4215085714,0.2290577388,-0.3315470994,1.9467983136,1.3257945684,0,0,-0.1696450522,0.1458720656,0.0622712253,0.346721539,0.0392519677,0.7217956953,-0.2892975481,-1.77843850799128E-06,-3.48755786227334E-06
1.3998296102,-1.0550679375,0.4285783622,0.2673736309,-0.3270664187,1.9693499332,1.3108163671,0,0,-0.0350139772,0.5750818293,0.1000592217,1.3035358521,0.0959861171,0.137471054,-0.4011698152,-4.15491065086838E-06,-1.3031818346766E-05
1.4005900853,-1.0251925015,0.4340426516,0.3353664725,-0.317440416,1.9729703709,1.2918769087,0,0,-0.0184299171,0.707592237,0.0388441549,1.5436437118,0.1938555609,-0.0413373811,-0.4669055515,-3.14779483309245E-07,-6.61232778718798E-06
1.401226579,-0.9933783248,0.4383723825,0.4070676507,-0.3044214666,1.9728939437,1.2708769072,0,0,-0.0317410157,0.7193373238,0.0361656133,1.5578890452,0.2404473313,-0.084740614,-0.5078461194,-8.49091055374853E-07,-5.37446270356719E-06
1.4011677394,-0.9619035722,0.4427905355,0.477945618,-0.2893818845,1.9717371108,1.2483513268,0,0,-0.0513236379,0.7070428141,0.0477342009,1.5205547995,0.2682447847,-0.0976083947,-0.5398896179,-6.10212495856501E-07,-3.89046774622519E-06
1.3999942255,-0.9319541041,0.4471324839,0.545426687,-0.2735976216,1.969851227,1.2249197802,0,0,-0.0782858012,0.6676424482,0.054420628,1.4281661814,0.268154888,-0.104631463,-0.5567507144,-1.08224881054167E-07,-2.51023446478661E-06
1.3973781491,-0.9045801859,0.4508981691,0.6057984578,-0.2593906463,1.9673195151,1.2016151186,0,0,-0.1072345569,0.6077045079,0.0461120255,1.2578062536,0.2245226871,-0.1081370665,-0.5469215184,1.2825977708255E-06,-3.11942007391026E-06
1.3935119961,-0.8801906231,0.453737868,0.6566807587,-0.2483240364,1.9644468959,1.17939172,0,0,-0.1271278517,0.5404863187,0.0290020695,1.0488269821,0.1595939588,-0.1054739217,-0.5151314924,7.28531390219114E-07,-2.41611567712912E-06
1.3889950655,-0.8587216986,0.4558623902,0.698369624,-0.2400955328,1.9616428249,1.1586224495,0,0,-0.1335574237,0.474089577,0.0196271324,0.8574730174,0.1083469378,-0.0958976951,-0.4782168869,0.000001739,-2.93944408351961E-06
1.3845809139,-0.8393431617,0.4579907588,0.7343410493,-0.2331929363,1.9595553467,1.139007953,0,0,-0.1254642348,0.4328324298,0.0267358997,0.7551784677,0.0904568003,-0.0772811246,-0.4525317797,1.35565070758032E-06,-1.96930284502259E-06
1.3803846053,-0.8217502866,0.4604118442,0.7662799521,-0.2267919267,1.9578760136,1.1202997859,0,0,-0.119871392,0.3919214827,0.0390352148,0.6717471005,0.0814783113,-0.0666405811,-0.4327257848,1.74928388264211E-06,-1.22327651148531E-06
1.37621278,-0.8060332181,0.4632209278,0.7947164545,-0.2208089582,1.9563189749,1.1023445441,0,0,-0.1171890515,0.3542831991,0.0555526014,0.6080516877,0.0701701914,-0.0683009174,-0.4177315207,1.62144064835053E-06,-5.16571769244129E-07
1.3719135116,-0.7921439101,0.4664244381,0.8211945833,-0.2149864109,1.9543844116,1.0848872321,0,0,-0.1164745291,0.3231892943,0.0737122419,0.5884028469,0.0636418308,-0.0870506886,-0.4100477581,1.52190046024468E-06,-4.56212515853403E-07
1.3675154668,-0.7792580608,0.4701420728,0.8463756712,-0.209713049,1.9517362589,1.0678316066,0,0,-0.1167275435,0.3142568151,0.0858489845,0.572151388,0.0511026547,-0.1073125779,-0.4017750552,1.23334921024689E-06,-8.6208166330693E-07
1.3631237177,-0.766339353,0.4742628555,0.871597227,-0.2045408293,1.9479560353,1.0510226969,0,0,-0.1170943886,0.3206522027,0.0951305748,0.5791283358,0.049708606,-0.1330787735,-0.397669404,2.03789560221239E-06,-1.04879899389126E-06
1.3586919461,-0.7529997922,0.4787152885,0.8973252216,-0.1993589602,1.9432795388,1.0343502965,0,0,-0.1187055975,0.334134566,0.1026824622,0.593357055,0.0486751287,-0.1524638426,-0.3957425675,1.82148819692022E-06,-7.55272848344192E-07
1.354154119,-0.7390597226,0.4833277641,0.9232669926,-0.1945654043,1.9376066475,1.0178729293,0,0,-0.1208512895,0.3511628961,0.1047554577,0.5996971442,0.0393508456,-0.1768629785,-0.3910490346,1.98866683030659E-06,-0.000001219
1.3495684958,-0.7244102382,0.4880331121,0.9496386272,-0.1899367651,1.9308824232,1.0015572549,0,0,-0.1214454554,0.3688344503,0.1075206172,0.6120070549,0.036903302,-0.2011390835,-0.3880334106,2.19784037866224E-06,-1.18220874828338E-06
1.3449774265,-0.7090706982,0.4929388243,0.9766500691,-0.1850917189,1.923214048,0.9852812492,0,0,-0.1219829829,0.3853998898,0.1135593472,0.6270832044,0.0414844808,-0.2219534902,-0.3883932367,2.43005442669294E-06,-9.48690826243347E-07
0,0,0,0,0,0,0,0,0,0.5,0.5,0.5,0.5,0.5,0.5,0.5,0.5,0.5
0,0,0,0,0,0,0,0,0,0.5,0.5,0.5,0.5,0.5,0.5,0.5,0.5,0.5
0,0,0,0,0,0,0,0,0,0.5,0.5,0.5,0.5,0.5,0.5,0.5,0.5,0.5
0,0,0,0,0,0,0,0,0,0.5,0.5,0.5,0.5,0.5,0.5,0.5,0.5,0.5
0,0,0,0,0,0,0,0,0,0.5,0.5,0.5,0.5,0.5,0.5,0.5,0.5,0.5
0,0,0,0,0,0,0,0,0,0.5,0.5,0.5,0.5,0.5,0.5,0.5,0.5,0.5
0,0,0,0,0,0,0,0,0,0.5,0.5,0.5,0.5,0.5,0.5,0.5,0.5,0.5
0,0,0,0,0,0,0,0,0,0.5,0.5,0.5,0.5,0.5,0.5,0.5,0.5,0.5
