1.599158541831693148e+00,5.143639785935280040e-01,-2.397492707512496879e-01,1.086441524017938365e+00,2.883439927778425060e-01,1.559115987264076741e+00,1.316329657132408348e+00,5.314624364887581709e-05,-5.279758971175052415e-05,7.322796719256433606e-01,1.032178378569420865e-02,-2.536988508998533343e-01,-1.291126098391002230e-01,-7.294425884826586381e-01,-1.291993378041806501e-02,8.273811257559686716e-01,2.969249266403929086e-05,-2.037435794674095799e-05
1.599158541831693148e+00,5.143639785935280040e-01,-2.397492707512496879e-01,1.086441524017938365e+00,2.883439927778425060e-01,1.559115987264076741e+00,1.316329657132408348e+00,5.314624364887581709e-05,-5.279758971175052415e-05,7.322796719256433606e-01,1.032178378569420865e-02,-2.536988508998533343e-01,-1.291126098391002230e-01,-7.294425884826586381e-01,-1.291993378041806501e-02,8.273811257559686716e-01,2.969249266403929086e-05,-2.037435794674095799e-05
1.599158541831693148e+00,5.143639785935280040e-01,-2.397492707512496879e-01,1.086441524017938365e+00,2.883439927778425060e-01,1.559115987264076741e+00,1.316329657132408348e+00,5.314624364887581709e-05,-5.279758971175052415e-05,7.322796719256433606e-01,1.032178378569420865e-02,-2.536988508998533343e-01,-1.291126098391002230e-01,-7.294425884826586381e-01,-1.291993378041806501e-02,8.273811257559686716e-01,2.969249266403929086e-05,-2.037435794674095799e-05
1.622988216879356127e+00,5.317479506184140670e-01,-2.216133690349704477e-01,1.115768831665850724e+00,3.003609419051757046e-01,1.520062718707115845e+00,1.340379693422758534e+00,0.000000000000000000e+00,0.000000000000000000e+00,7.107108481204463812e-01,7.209189363860309951e-01,4.174591162564289526e-01,1.838979869460307670e-01,2.253312682050416793e-01,-6.982703852288028035e-01,6.323014076722480725e-01,-5.462867076926420509e-08,-3.491366105101458277e-05
1.654834860329827295e+00,5.712769446749128566e-01,-2.021864676913500414e-01,1.135728131990424439e+00,3.082925012818311106e-01,1.480892378684738109e+00,1.366298365097544876e+00,0.000000000000000000e+00,0.000000000000000000e+00,9.068936010781017965e-01,1.047074570310386754e+00,1.816847793289435020e-01,-9.377435229268887840e-02,-2.390664968700531925e-02,-4.627488273839694966e-01,6.931963078529858047e-01,1.559305343733856353e-05,-8.460575643463814693e-06
1.690179232628956862e+00,6.221114569972483466e-01,-1.881653112259265570e-01,1.147842178877271246e+00,3.115791784905000972e-01,1.429895829439707278e+00,1.393180395742022570e+00,0.000000000000000000e+00,0.000000000000000000e+00,9.340735554342790570e-01,1.293750609146877562e+00,6.529151266756932914e-02,-3.166036900270113863e-01,-4.037765691967125370e-02,-7.331356949678293766e-01,6.996979802284427619e-01,9.424194037825640903e-06,-6.874808214938820147e-06
1.723775658025411328e+00,6.636839101637977967e-01,-1.897961998894037161e-01,1.107168904413459387e+00,3.181133412475361522e-01,1.397014596732784497e+00,1.422236296916169485e+00,0.000000000000000000e+00,0.000000000000000000e+00,7.678119163467712616e-01,7.702055973672004008e-01,-1.681222184683116572e-01,-1.122311282021241974e+00,-4.201329809033871321e-03,-4.407448588337293804e-01,7.235033666121629681e-01,1.283372746532660705e-05,1.707101145484201889e-06
1.751150513451582347e+00,6.892359625111422750e-01,-2.006508820252030922e-01,1.072516264509524087e+00,3.071589524425842876e-01,1.365131432289389934e+00,1.448357580454230575e+00,0.000000000000000000e+00,0.000000000000000000e+00,5.886497413844753446e-01,5.510094772471766378e-01,-3.552570996562334771e-01,-7.541412762777589540e-01,-3.101832060885554299e-01,-5.665869330073889376e-01,5.893480178256109703e-01,2.354602260067697350e-05,-2.628190638507863819e-06
1.770275313576123111e+00,7.049666508430739720e-01,-2.196020013661843517e-01,1.035714174874059923e+00,2.926847392882891974e-01,1.342778918863549498e+00,1.469699056683744010e+00,0.000000000000000000e+00,0.000000000000000000e+00,3.386665171142875241e-01,3.069900547322306217e-01,-4.260304053135355873e-01,-7.641887817194464860e-01,-2.890150639306623970e-01,-3.840159247920709729e-01,4.538893201058852855e-01,2.560835485182121890e-05,-9.574632743672575148e-06
1.779570696617039705e+00,7.227145039114934999e-01,-2.335767387049343113e-01,1.010379268492954230e+00,2.790376061208282854e-01,1.304683747779801894e+00,1.485670897893223596e+00,0.000000000000000000e+00,0.000000000000000000e+00,1.438298307277290911e-01,5.476006142827903878e-01,-3.222990450740182977e-01,-7.002854863881456948e-01,-1.988852310323432626e-01,-6.997410412293720849e-01,3.318066723192935608e-01,2.276925574947968422e-04,-2.366353897052812967e-04
1.782473229994846475e+00,7.488459014377613077e-01,-2.418660657847423179e-01,9.764754514145086439e-01,2.769685026678663231e-01,1.265487815594624754e+00,1.498342974424003327e+00,0.000000000000000000e+00,0.000000000000000000e+00,4.053981536805628672e-02,6.825285766399414866e-01,-1.887732859127811413e-01,-9.486942014720508576e-01,2.971438649584198441e-02,-6.065310718657518363e-01,2.810125347324342604e-01,1.550236827624538159e-04,-1.580863319338913337e-04
1.783228342686010715e+00,7.789256836214722979e-01,-2.484070554326557878e-01,9.378960441726240660e-01,2.765205186306349261e-01,1.227225273622910340e+00,1.509413381200899185e+00,0.000000000000000000e+00,0.000000000000000000e+00,7.750566820187727163e-03,7.555045716232856590e-01,-1.926964941197947812e-01,-1.031766923106767653e+00,3.766727796517736065e-02,-5.871836392445439756e-01,2.451112883239066620e-01,1.036051355477077642e-04,-1.074957073398029680e-04
1.782541220740060384e+00,8.114410657296189378e-01,-2.548759383876584850e-01,8.959878107636823907e-01,2.767940705050170314e-01,1.189356142684804052e+00,1.519056850297163530e+00,0.000000000000000000e+00,0.000000000000000000e+00,-2.761188040970249599e-02,7.990604643531739049e-01,-1.906263206022859313e-01,-1.110610943857229582e+00,6.032277940576193098e-02,-5.688806960025306614e-01,2.141970296670150931e-01,6.871818147457193018e-05,-7.365503993927817461e-05
1.780545514640590854e+00,8.444511339831305419e-01,-2.626560091649209894e-01,8.525552962536969703e-01,2.762610691068134727e-01,1.155125692008531546e+00,1.527411333935061011e+00,0.000000000000000000e+00,0.000000000000000000e+00,-6.735480232780283183e-02,7.878107886044370956e-01,-2.180775605565466457e-01,-1.117702840379680929e+00,5.265777460181102210e-02,-4.888664477209663239e-01,1.790762153742623264e-01,4.547498979278789079e-05,-5.068451681438249979e-05
1.776527046428766576e+00,8.775860359711414871e-01,-2.698639663762188445e-01,8.082564457743879327e-01,2.765760594260925909e-01,1.121447673916015297e+00,1.534363115108962949e+00,0.000000000000000000e+00,0.000000000000000000e+00,-1.155505797032734261e-01,7.963667810907841815e-01,-1.932561063486909758e-01,-1.152963881130059987e+00,7.989033097878668610e-02,-4.880706773413984179e-01,1.485354881442097486e-01,2.896356951189366213e-05,-3.602524089758242818e-05
1.770603193296660605e+00,9.121042043789187037e-01,-2.759811552793203782e-01,7.631287754795758049e-01,2.774411557655139804e-01,1.086617793526350573e+00,1.540177911836378311e+00,0.000000000000000000e+00,0.000000000000000000e+00,-1.569002149090161502e-01,8.361439368493451818e-01,-1.767188761861371582e-01,-1.191332787526794279e+00,9.857785631162276074e-02,-5.047640688622883065e-01,1.235946182169788965e-01,1.744100654393172871e-05,-2.651059528435271401e-05
1.762817244602187028e+00,9.496322748560223070e-01,-2.810335845021209034e-01,7.170906818283794282e-01,2.786956083600240497e-01,1.049009485777102624e+00,1.544996152122465549e+00,0.000000000000000000e+00,0.000000000000000000e+00,-1.975663203604834106e-01,9.143376544679626683e-01,-1.653335642667033145e-01,-1.246302733121322559e+00,1.187809031765383605e-01,-5.488901871465885485e-01,1.021236762290878980e-01,8.847223606755875313e-06,-2.091244867198544145e-05
1.753927376373572988e+00,9.876777196696313599e-01,-2.865517913835262109e-01,6.688553322573640436e-01,2.809091565218072573e-01,1.014898231551204510e+00,1.549055533963902054e+00,0.000000000000000000e+00,0.000000000000000000e+00,-2.201893218624923210e-01,8.829031911962348378e-01,-1.663170123530178512e-01,-1.251148660781276956e+00,1.321632871555122601e-01,-4.721836945683833831e-01,8.439736589121163424e-02,4.030889113329712257e-06,-1.614618525773352532e-05
1.743273277219634210e+00,1.028309228109006934e+00,-2.898779129102407315e-01,6.192900619115151439e-01,2.833935307317728691e-01,9.732797730623918842e-01,1.552411037683093742e+00,0.000000000000000000e+00,0.000000000000000000e+00,-2.615698047047548269e-01,9.917680958969121718e-01,-1.327016215927409593e-01,-1.359170381906316560e+00,1.524087804176142147e-01,-6.505982687319673552e-01,7.339025973842153161e-02,-2.750922761923659017e-07,-1.394659787018673489e-05
1.732139710841229308e+00,1.068817028075445430e+00,-2.938979630381958752e-01,5.673489838665740637e-01,2.871864309182651787e-01,9.371962464445576790e-01,1.555340468394376119e+00,0.000000000000000000e+00,0.000000000000000000e+00,-2.621659844140232232e-01,9.195631079438985056e-01,-1.367763543618907285e-01,-1.318072214647194373e+00,1.597836213318441778e-01,-5.115138067037803271e-01,6.343224084049092770e-02,-2.461793700234872388e-06,-1.172163961983042980e-05
1.719789288191439836e+00,1.112178724548017028e+00,-2.944661252768616122e-01,5.130094585372672045e-01,2.913827422981190018e-01,8.894412948123032736e-01,1.557778761413910251e+00,0.000000000000000000e+00,0.000000000000000000e+00,-2.908089488448726279e-01,1.062164744670148320e+00,-8.333017919279168961e-02,-1.484761926135639509e+00,1.798536179443764871e-01,-8.128019441104593623e-01,6.322475032430112385e-02,-3.955449069160234364e-06,-1.019617629534445948e-05
1.707190000147403408e+00,1.157954715497221398e+00,-2.961035943939293036e-01,4.569990882957530864e-01,2.956098861115105669e-01,8.431258674039288081e-01,1.560325660657747804e+00,0.000000000000000000e+00,0.000000000000000000e+00,-2.896102677515275392e-01,1.063185641625061129e+00,-1.167325656500473319e-01,-1.446943518071983625e+00,1.695774252565379059e-01,-7.361643501404598888e-01,6.573384810505264464e-02,-6.388039083151063325e-06,-1.093937365362784270e-05
1.693911201200227756e+00,1.206235905779454498e+00,-2.966311232493067940e-01,4.011899278488825216e-01,2.996247454613875649e-01,7.918184394654189662e-01,1.562521692407111695e+00,0.000000000000000000e+00,0.000000000000000000e+00,-3.065301636345120762e-01,1.150139680995621250e+00,-1.021795931123127416e-01,-1.498228688861746427e+00,1.708031617804919855e-01,-8.829546221335827783e-01,6.336804379243864138e-02,-7.737041587830920661e-06,-1.118343362489713277e-05
1.680241533726560377e+00,1.257462177870798170e+00,-2.966714533931581466e-01,3.450609924987699806e-01,3.039001378687699040e-01,7.380805298242013590e-01,1.564376956661002849e+00,0.000000000000000000e+00,0.000000000000000000e+00,-3.072753755495981620e-01,1.205276524619808054e+00,-1.056902403581939931e-01,-1.497338500020051644e+00,1.673137597678829025e-01,-9.334871071141378485e-01,6.236264151614903661e-02,-9.049448217939251135e-06,-1.325433034059700305e-05
1.666618885181528675e+00,1.311594830950049806e+00,-2.959614353257984387e-01,2.875312566599967368e-01,3.082385957666898824e-01,6.779885673194574469e-01,1.565994397565641183e+00,0.000000000000000000e+00,0.000000000000000000e+00,-3.027046452540712584e-01,1.282771832882834362e+00,-1.049514364953375578e-01,-1.550686970583486923e+00,1.578617451849383124e-01,-1.112922955768924416e+00,6.802422489175928566e-02,-9.827399600865334317e-06,-1.266585545593620098e-05
1.653205618880056571e+00,1.369580072584874575e+00,-2.944936471540255396e-01,2.288733153463729242e-01,3.124264753619051538e-01,6.095567676110403843e-01,1.567366984172979594e+00,0.000000000000000000e+00,0.000000000000000000e+00,-2.960803914151834970e-01,1.388025711106836368e+00,-1.091707763477935689e-01,-1.588819387596535959e+00,1.401316081953546400e-01,-1.331086421001463682e+00,7.506505265905150104e-02,-1.102919402490857892e-05,-1.335171468728795395e-05
1.640835301410408453e+00,1.431814386515759541e+00,-2.936892038452533216e-01,1.669995664379249622e-01,3.156535148328056817e-01,5.318104535319905235e-01,1.568875062432360412e+00,0.000000000000000000e+00,0.000000000000000000e+00,-2.652016406457572972e-01,1.486956213548909167e+00,-1.148707047517712881e-01,-1.572613286650317077e+00,9.817853457493651292e-02,-1.674871038780717747e+00,8.188148861576691195e-02,4.101331215727285636e-06,-9.506840109678577462e-06
1.630383136605415562e+00,1.496184875471936238e+00,-2.952029013356721743e-01,1.059492554097646172e-01,3.163638823137520095e-01,4.464573674231699374e-01,1.571028718312537320e+00,0.000000000000000000e+00,0.000000000000000000e+00,-2.312030600072502717e-01,1.564471448663513842e+00,-2.287351153456103070e-01,-1.660164225068936128e+00,-4.673844945752018282e-02,-1.793750921773823226e+00,1.557033390312499155e-01,-3.391095729724618571e-05,6.367691784618337319e-06
1.621613603427669803e+00,1.565412524861435450e+00,-2.973112805454412033e-01,4.783029381763866800e-02,3.150064451922020003e-01,3.437276096356129962e-01,1.572268932329498492e+00,0.000000000000000000e+00,0.000000000000000000e+00,-1.914584506811738418e-01,1.706187821933783155e+00,-1.613275501808166812e-01,-1.357175538952253513e+00,-2.056979768943827114e-02,-2.567013399212846103e+00,8.667216605280998742e-02,5.008417390530832966e-06,-7.857240551402782966e-06
1.615086989569612497e+00,1.633296342017883207e+00,-3.044791133368054958e-01,-4.081741099099599028e-04,3.114941208936093386e-01,2.297488264380161960e-01,1.575073018612450637e+00,0.000000000000000000e+00,0.000000000000000000e+00,-1.456570924321472504e-01,1.570080624208084918e+00,-3.088947761528023639e-01,-1.077167218902039814e+00,-1.294247939441040551e-01,-2.696176165617976572e+00,1.682348032477537503e-01,7.763036228416569364e-05,-1.071119151999583915e-04
1.612218402081660562e+00,1.690068503831361868e+00,-3.134957531591853752e-01,-2.779280478961265038e-02,3.104049519006892299e-01,1.118224640612488635e-01,1.579919080699848877e+00,0.000000000000000000e+00,0.000000000000000000e+00,-3.672919120813444155e-02,1.164925656253471109e+00,-3.366059383136849048e-01,-4.485598421784332546e-01,-4.430201225681647259e-02,-2.648450015813125002e+00,2.792640808244562511e-01,5.837914615086522117e-03,-5.805523675345665609e-03
1.611382335608451788e+00,1.712910820481382990e+00,-3.353512788567366565e-01,-3.211483733013036079e-02,3.070499280921788476e-01,5.054432274057735902e-02,1.595363864875244841e+00,0.000000000000000000e+00,0.000000000000000000e+00,1.086692342452799664e-02,4.263600697706534937e-02,-6.052673978983368341e-01,1.202141915682138906e-01,-6.505697022443843180e-02,-5.465730137521367382e-01,4.475959385336525931e-01,7.338842462921115655e-05,-1.833408051201374325e-04
1.610616020833936179e+00,1.698216292781680847e+00,-3.521683129722958938e-01,-1.678927562203477025e-02,3.064197635801436115e-01,5.544681513612417095e-02,1.609175421149134921e+00,0.000000000000000000e+00,0.000000000000000000e+00,1.185674560299503077e-02,-5.326326455780232560e-01,-1.790719644372055219e-01,4.370623910944115287e-01,7.501728073363110594e-02,5.300957987395538140e-01,2.191733474020081118e-01,8.376718252935492495e-05,-8.918456874898610435e-05
1.608273552249300353e+00,1.679989143110510064e+00,-3.504288742005746138e-01,-2.863009213185220363e-04,3.095394886936890244e-01,7.030910663212872058e-02,1.612737689555867160e+00,0.000000000000000000e+00,0.000000000000000000e+00,-7.766548551788418631e-02,-2.594640312613688549e-01,1.956292646248539713e-01,2.239453051284468199e-01,1.099863029673513182e-01,2.459111312373152836e-01,-2.193958481730016313e-02,5.093483157196155610e-05,-6.577854299530295644e-05
1.600206639515763696e+00,1.676577108613011680e+00,-3.436965471817427509e-01,3.374632883254376995e-03,3.117108494029291466e-01,6.970669359515671570e-02,1.612050283754110191e+00,0.000000000000000000e+00,0.000000000000000000e+00,-2.148315848079680457e-01,9.720433501291529665e-02,1.242526029115526703e-01,-1.516889968226773633e-01,6.079871937526028225e-02,-6.560694499794719747e-02,-4.251600630775226319e-02,2.681498293850557752e-05,-5.207037857179070426e-05
1.589596470793161798e+00,1.678224410712021664e+00,-3.450952156084815536e-01,-1.719762130624955844e-03,3.119297348266369951e-01,7.114689772543227042e-02,1.613545628252274433e+00,0.000000000000000000e+00,0.000000000000000000e+00,-2.191375007304871281e-01,3.849391127547312913e-02,-6.468319249215065403e-02,-1.693079154346463777e-01,3.292786728728547968e-02,1.300729024847378790e-01,2.239955683399984937e-02,1.597685186291422760e-05,-3.728510529809798583e-05
1.579942887647115324e+00,1.654339187265826849e+00,-3.693961155057589041e-01,-1.641959166328272463e-02,3.069734390067254126e-01,1.574929699227971824e-01,1.626629508972653237e+00,0.000000000000000000e+00,0.000000000000000000e+00,-1.363040794829596114e-01,-1.064486533146553171e+00,-5.471487953677929283e-01,-1.886648835252463519e-01,2.296285091297837685e-02,3.146595137122451202e+00,2.668632269625318409e-01,1.334315365868311647e-04,-4.501012497894013814e-05
1.578191839485606263e+00,1.596321300304531565e+00,-3.841815275005213692e-01,-9.237942987012911361e-03,3.092630141161300528e-01,2.989846567988686532e-01,1.632783555963042810e+00,0.000000000000000000e+00,0.000000000000000000e+00,6.917505495261792869e-02,-1.587669969096340061e+00,-8.884391448100228961e-04,5.751505390147142460e-01,2.197192545438109712e-01,3.388416859772324319e+00,-6.400911131191550085e-02,5.408904273860482031e-05,-6.660608946007253426e-05
1.579853276039443477e+00,1.532244387401756835e+00,-3.814097678987772300e-01,2.161225377547770429e-02,3.128505854630980187e-01,4.219887834828591200e-01,1.628719347344139035e+00,0.000000000000000000e+00,0.000000000000000000e+00,1.866651482403565085e-02,-1.364806429229629803e+00,3.922153628739227238e-01,9.343336059592910470e-01,1.863101196003375537e-01,2.318775750090200649e+00,-3.132849466079426493e-01,4.710437206559703603e-05,-3.466494746686418023e-05
1.576941441405166788e+00,1.487708346913085622e+00,-3.705822322578407046e-01,5.251063715798527654e-02,3.144269052344909610e-01,4.998193886405521980e-01,1.618810473552065199e+00,0.000000000000000000e+00,0.000000000000000000e+00,-1.335819569164839737e-01,-7.689856412560709398e-01,3.836322683697634406e-01,6.179416163106100646e-01,1.109545307527892016e-01,1.340021943859977860e+00,-3.541656931012444609e-01,2.894755008101312829e-05,-2.646754247916851879e-05
1.569692725043108306e+00,1.462227818323550421e+00,-3.652881432942793882e-01,6.738909122756556180e-02,3.143982710815556580e-01,5.528055108499587700e-01,1.609726663623871179e+00,0.000000000000000000e+00,0.000000000000000000e+00,-2.033616017693075650e-01,-4.456726294246354247e-01,2.022361288129203294e-01,2.538945313559330397e-01,9.021211304537485320e-02,1.007886538837519996e+00,-2.969899360998749516e-01,1.791880572384341524e-05,-1.960734348247033479e-05
1.561263850674336595e+00,1.446151296119546403e+00,-3.632892450190574052e-01,7.340962356498845209e-02,3.149816282355923924e-01,5.954352960839062181e-01,1.600863193450166255e+00,0.000000000000000000e+00,0.000000000000000000e+00,-2.099300140106563350e-01,-2.892014773059929933e-01,1.307296595522181581e-01,1.012145459734649644e-01,8.798897363612108447e-02,8.403328791870494641e-01,-2.761376455647045480e-01,1.009571192372487969e-05,-1.532698417062226505e-05
1.552863183609189290e+00,1.435794450984431148e+00,-3.622165298649647758e-01,7.564958298688642668e-02,3.156097551936133949e-01,6.292496691847555557e-01,1.591969954845428026e+00,0.000000000000000000e+00,0.000000000000000000e+00,-2.063739135983524986e-01,-1.709793496120740885e-01,9.301898555614931952e-02,9.589601118056210322e-03,7.829471285900277411e-02,6.655577856235184164e-01,-2.606060769910170105e-01,5.579775964925953525e-06,-1.165860846527193078e-05
1.543968690737844041e+00,1.432833273612951652e+00,-3.601448777047286942e-01,7.560695291851490807e-02,3.158934494298777929e-01,6.472119493347213703e-01,1.582675358797081655e+00,0.000000000000000000e+00,0.000000000000000000e+00,-2.261814271090808459e-01,3.374021395868645468e-02,7.526297457479887154e-02,-1.248728186967493214e-01,7.087905653330001110e-02,3.212924505972025724e-01,-2.486774678466217026e-01,8.389187938491313784e-07,-1.085507123035111599e-05
1.535179025915780260e+00,1.432732721454282654e+00,-3.622048488753790152e-01,6.977536096925709974e-02,3.158383776605563353e-01,6.646479351951213310e-01,1.575223599661326634e+00,0.000000000000000000e+00,0.000000000000000000e+00,-2.106266111318082779e-01,9.560444429400804384e-03,-3.634997600486756728e-03,-1.649196702620455424e-01,6.421251869888247588e-02,3.976066298439921987e-01,-2.096025750919316977e-01,1.073803500019154787e-06,-6.958616100966284305e-06
1.526776660293754251e+00,1.431545210217479047e+00,-3.649068046172503910e-01,6.501043713428361626e-02,3.156154527569116075e-01,6.829935615318356579e-01,1.568119141754491519e+00,0.000000000000000000e+00,0.000000000000000000e+00,-2.079088224786411754e-01,-8.207515243049780251e-03,1.766138802551595055e-03,-1.317076087568704312e-01,6.337434914850473278e-02,3.965734388479073003e-01,-2.091900678983845963e-01,5.858019791884144820e-08,-5.524677017617718022e-06
1.518408686563441412e+00,1.429392904561332722e+00,-3.678069603540871646e-01,6.097731136387612993e-02,3.153526369169486476e-01,7.025736403679999631e-01,1.561092871917359570e+00,0.000000000000000000e+00,0.000000000000000000e+00,-2.086518541048878739e-01,-3.525363107693792186e-02,2.607379536683950699e-03,-1.064400664824842468e-01,6.615045290974354286e-02,4.243150759730917598e-01,-2.116414814990152105e-01,-3.971384329557929813e-07,-4.335886289384093007e-06
1.509937151490804652e+00,1.426594935875606707e+00,-3.702967420896672301e-01,5.765578049684635248e-02,3.152865001581899307e-01,7.219729843550275472e-01,1.553788193350303715e+00,0.000000000000000000e+00,0.000000000000000000e+00,-2.125047862477091876e-01,-4.440819281493566667e-02,1.335390580495633694e-02,-9.381343706119915637e-02,7.211319358370013588e-02,4.103539624410209030e-01,-2.193521279470808660e-01,-1.012540758326747072e-06,-3.827548629655774915e-06
1.501379939900546745e+00,1.423094910385207523e+00,-3.728040847982664330e-01,5.458597118189284503e-02,3.153733478760093467e-01,7.422125510656638614e-01,1.546346074902492207e+00,0.000000000000000000e+00,0.000000000000000000e+00,-2.140384455851692402e-01,-6.630514460802305887e-02,1.594777236684858518e-02,-7.658577655153799013e-02,7.612030984933604305e-02,4.310675667444506809e-01,-2.245470549069031874e-01,-1.207816997922051304e-06,-3.260939613474345228e-06
1.492784321090991462e+00,1.418601639203341591e+00,-3.752683733634194496e-01,5.193049044450500501e-02,3.155985886981237387e-01,7.634996744792127421e-01,1.538710918831311281e+00,0.000000000000000000e+00,0.000000000000000000e+00,-2.152708235264572390e-01,-9.122716501345190521e-02,2.181211616155614985e-02,-5.781455464789852366e-02,7.979432626118801442e-02,4.480869511491956669e-01,-2.313383253022452679e-01,-1.299292219534791019e-06,-2.833215144807339840e-06
1.484202119543593268e+00,1.413487958129350464e+00,-3.771009528648601727e-01,4.991477071138076399e-02,3.162599412934056775e-01,7.851973243506156219e-01,1.530597102087862371e+00,0.000000000000000000e+00,0.000000000000000000e+00,-2.136040715079053354e-01,-1.014542416940432124e-01,3.501027483768863469e-02,-4.229897516129502849e-02,8.645840316828817818e-02,4.504497070228297151e-01,-2.411324466741431860e-01,-1.786304604139943316e-06,-2.940819678988519943e-06
1.475846876878194713e+00,1.407355497909243969e+00,-3.790839053681530069e-01,4.795884341608595142e-02,3.171177114346288572e-01,8.089331271987526550e-01,1.522386228292705646e+00,0.000000000000000000e+00,0.000000000000000000e+00,-2.060863498334166155e-01,-1.357884372380086802e-01,3.468605721178312506e-02,-2.014024472583713851e-02,8.687354356554394252e-02,4.950130736813502241e-01,-2.437340783601631700e-01,-1.045037142131127902e-06,-2.998508988251288162e-06
1.467829807689678301e+00,1.400286053915194229e+00,-3.805043972186644696e-01,4.637548330582889206e-02,3.183903366915402655e-01,8.331123056762376189e-01,1.513842867698643069e+00,0.000000000000000000e+00,0.000000000000000000e+00,-1.967499834706936124e-01,-1.536275985543096856e-01,4.748083661416991480e-02,-7.362854787349409035e-03,9.060251409127292876e-02,4.904666176178299475e-01,-2.489177806934269876e-01,-8.074266039746455914e-07,-3.324038910181141988e-06
1.460172787438212216e+00,1.392858908975933119e+00,-3.813927022523083132e-01,4.550758263876195087e-02,3.198261177938413469e-01,8.573153979814350789e-01,1.505071213192132662e+00,0.000000000000000000e+00,0.000000000000000000e+00,-1.886608891332790250e-01,-1.569152371042882854e-01,5.347831134291587685e-02,7.727781321095772774e-03,8.919834986231188478e-02,4.886533187849813054e-01,-2.503832380848559080e-01,-1.232189944222214627e-06,-2.988946829317510114e-06
1.452901889481237552e+00,1.385343283747815013e+00,-3.820526141697825340e-01,4.478961956324014476e-02,3.215042401786227244e-01,8.818468342318626085e-01,1.496232608146615961e+00,0.000000000000000000e+00,0.000000000000000000e+00,-1.775942480415466651e-01,-1.615073799577325941e-01,5.458178100149947698e-02,1.533815558264465216e-02,8.878688420810722237e-02,4.944011035141270272e-01,-2.480164420522600888e-01,-1.029366909303403783e-06,-3.305056392450769035e-06
1.446167059381103348e+00,1.377289404106025072e+00,-3.827772040601243875e-01,4.446062820977665642e-02,3.233187485326012856e-01,9.082132996469873820e-01,1.487489155728668466e+00,0.000000000000000000e+00,0.000000000000000000e+00,-1.633294233821190877e-01,-1.797966750483091236e-01,5.294524192933987988e-02,3.761732683456730369e-02,8.510983666826167637e-02,5.335793699564496118e-01,-2.437263727146911918e-01,-1.304760082571691571e-06,-2.937744296811655359e-06
1.439902944768567172e+00,1.368560513067621942e+00,-3.836139988106824772e-01,4.470622085220640057e-02,3.249362163797011038e-01,9.356230668133915795e-01,1.478925258049522906e+00,0.000000000000000000e+00,0.000000000000000000e+00,-1.542736175236887330e-01,-1.945806373112173582e-01,5.059456420524998527e-02,5.396758731666816133e-02,7.789551966704705288e-02,5.460455873744317623e-01,-2.383854980119558542e-01,-1.310107612878718375e-06,-2.445182778778042009e-06
1.433940578984510550e+00,1.359209254882664197e+00,-3.845363155445546410e-01,4.546346775163700310e-02,3.264562109854931560e-01,9.642206028474200608e-01,1.470486871620755975e+00,0.000000000000000000e+00,0.000000000000000000e+00,-1.481002403532620526e-01,-2.095385438259797506e-01,5.016381482513174866e-02,7.160103626201803906e-02,7.372157759100937680e-02,5.680485453413385288e-01,-2.352667131867451911e-01,-1.544624835543066267e-06,-2.341012025452583266e-06
1.428209659438258283e+00,1.349705911215483223e+00,-3.850025837175612420e-01,4.662781194920894573e-02,3.282290906652047258e-01,9.927634455621675569e-01,1.461972654284727113e+00,0.000000000000000000e+00,0.000000000000000000e+00,-1.417302288456403492e-01,-2.084838036414490281e-01,5.728511307223474458e-02,7.664869309379057638e-02,7.532657401017232857e-02,5.595757313765110652e-01,-2.337332113761002306e-01,-1.891642622296895264e-06,-2.449520250325817139e-06
1.423064309048089227e+00,1.339541619509579506e+00,-3.852800097310943861e-01,4.717925604886300667e-02,3.308403917124730920e-01,1.023568927413458507e+00,1.453570537323360723e+00,0.000000000000000000e+00,0.000000000000000000e+00,-1.192793175389742222e-01,-2.388150658324372511e-01,6.277434113497197543e-02,9.090750795921243022e-02,8.018622112237971944e-02,6.088084327158395093e-01,-2.273451632824957935e-01,-6.572387475816571893e-07,-4.440655811696149703e-06
1.418700841230158938e+00,1.328885786480227926e+00,-3.850308239370557328e-01,4.858497043813288230e-02,3.333425758524241056e-01,1.053860603091945958e+00,1.445400877638514547e+00,0.000000000000000000e+00,0.000000000000000000e+00,-1.031787300192711643e-01,-2.381012422471167622e-01,6.660069912057658970e-02,1.007840560301970223e-01,7.073049148556714849e-02,5.823876160106264965e-01,-2.164558057381910650e-01,-8.373904561321595027e-07,-3.404386872853665839e-06
1.415009941881811617e+00,1.318142765534381589e+00,-3.847322834176456485e-01,4.952934264799517539e-02,3.360456456687861970e-01,1.084058282977140353e+00,1.437704126031941643e+00,0.000000000000000000e+00,0.000000000000000000e+00,-8.405260972649926388e-02,-2.460432186897151263e-01,6.449200650457372064e-02,1.000495355644300394e-01,6.746387615633747670e-02,5.815598860120175795e-01,-2.014347567526976190e-01,-1.057336203740710679e-07,-4.102613371796702905e-06
1.412122865559846119e+00,1.307056474745816432e+00,-3.842859993990808132e-01,5.043521595224149251e-02,3.389334746275440846e-01,1.114526589287138769e+00,1.430542629965763091e+00,0.000000000000000000e+00,0.000000000000000000e+00,-6.271264817446166318e-02,-2.554053186010428744e-01,6.503824564861479529e-02,1.077025099962057586e-01,6.240638200350623332e-02,5.835966072624657608e-01,-1.851503231016063955e-01,-6.635204529895383528e-07,-3.542560158619639617e-06
1.410217658519017370e+00,1.295460659487808197e+00,-3.834901233883412641e-01,5.107474691657473698e-02,3.424120648893768104e-01,1.145897705864185490e+00,1.423984744759262844e+00,0.000000000000000000e+00,0.000000000000000000e+00,-3.347004689850278242e-02,-2.726142643259268361e-01,7.064993591137577744e-02,1.165333506848222761e-01,6.225085347267839131e-02,5.982035483520742325e-01,-1.661963077212613715e-01,9.801083571179106146e-08,-4.507675426395026162e-06
1.409538739067391688e+00,1.283412593056405315e+00,-3.821654254100583237e-01,5.188522539960818691e-02,3.462687342352351871e-01,1.177471393707928637e+00,1.418188606632883930e+00,0.000000000000000000e+00,0.000000000000000000e+00,-5.435801441780786520e-04,-2.813415392531805059e-01,7.534296518247803054e-02,1.254347512848878188e-01,5.697949578397547982e-02,5.946308365542131158e-01,-1.421510860780807461e-01,1.524624071901567417e-06,-5.426064911783051365e-06
1.410049069091460217e+00,1.271056111012183854e+00,-3.810779645339496535e-01,5.316013326309584897e-02,3.495982555542468950e-01,1.209204458728938780e+00,1.413463905208011795e+00,0.000000000000000000e+00,0.000000000000000000e+00,2.574072695582230175e-02,-2.869474912322152460e-01,6.280353059941486127e-02,1.372500066532951757e-01,3.810827238802679678e-02,5.962075893858038711e-01,-1.141854406413174428e-01,1.047277585751123002e-06,-3.750306273818267394e-06
1.411254812841445938e+00,1.260095225866606272e+00,-3.796394801031304223e-01,5.684731781605609213e-02,3.519030726779317497e-01,1.238605931872959198e+00,1.409397209134024109e+00,0.000000000000000000e+00,0.000000000000000000e+00,3.356872244193376958e-02,-2.279359205122165610e-01,5.416889573928139467e-02,1.432155493845027883e-01,2.312495477330071131e-02,5.533988642827258886e-01,-9.487776902950598168e-02,9.873607348560573793e-07,-2.353392391524918411e-06
1.412923948870089763e+00,1.249443032661896380e+00,-3.796075478509906564e-01,5.894761135378991795e-02,3.544130378886155563e-01,1.271365197691425530e+00,1.406398034989160051e+00,0.000000000000000000e+00,0.000000000000000000e+00,5.133366686580755067e-02,-2.564168433885047893e-01,3.129537689482537327e-02,1.465405644935403595e-01,1.898685386663662156e-02,6.357276879096137590e-01,-7.229277934718206233e-02,-4.747270556668826192e-08,-2.403930207184532020e-06
1.415256407069370059e+00,1.237135134290605398e+00,-3.802483405742619893e-01,6.223871497659695662e-02,3.564309600522347354e-01,1.308163213458239715e+00,1.404111543713318477e+00,0.000000000000000000e+00,0.000000000000000000e+00,6.476101235682917012e-02,-2.953204050071875364e-01,2.533715187174054306e-02,1.911422168507659336e-01,3.027297486445933855e-03,7.069212401211275587e-01,-5.951494773183091391e-02,1.192341619160363763e-07,-2.102752552768578478e-06
1.417877403257998603e+00,1.223571649625460278e+00,-3.812817288611941025e-01,6.720072227326463754e-02,3.576174657905913934e-01,1.347461614365771387e+00,1.402235558252526770e+00,0.000000000000000000e+00,0.000000000000000000e+00,6.623162179372894809e-02,-3.165680380397980498e-01,1.952936917306123676e-02,2.251451599271281634e-01,-1.236374542859118575e-02,7.475766967517067929e-01,-5.325248840929492494e-02,1.349873939984972685e-06,-3.074345434275153363e-06
1.420411935396834968e+00,1.209495125834263884e+00,-3.823994477467642650e-01,7.331931775440542198e-02,3.584325693445768457e-01,1.388132283772064879e+00,1.400497942093363424e+00,0.000000000000000000e+00,0.000000000000000000e+00,6.171534796700136466e-02,-3.226773584862946964e-01,1.966954407511567471e-02,2.443594582521696479e-01,-1.683563170188304148e-02,7.703899868192743972e-01,-5.181107428851623731e-02,9.283129601472167313e-07,-2.924807069531375589e-06
1.422690014915892753e+00,1.195669899453548402e+00,-3.834000697175535266e-01,8.037394753231673350e-02,3.589431583092879130e-01,1.428626639575305335e+00,1.398740167058963868e+00,0.000000000000000000e+00,0.000000000000000000e+00,5.325492041334947690e-02,-3.090396054149329719e-01,1.917295706376723197e-02,2.497678622172914420e-01,-1.905664675898074631e-02,7.643392468089629244e-01,-5.229154750281141129e-02,9.999036515215816694e-07,-2.987466601114847988e-06
1.424602000276396829e+00,1.182676081409559155e+00,-3.844208269964373703e-01,8.788698281309199889e-02,3.591853076843771753e-01,1.468219057358529200e+00,1.396904510553608869e+00,0.000000000000000000e+00,0.000000000000000000e+00,4.280364611903925837e-02,-2.860154722565848573e-01,1.468884577286088886e-02,2.451249089470789733e-01,-1.989790328544194936e-02,7.491584705974954073e-01,-5.381051990951965514e-02,8.971161534263387843e-07,-2.973657007012943943e-06
1.426134606459583676e+00,1.170742494168302894e+00,-3.853953850894599187e-01,9.555051716107858251e-02,3.594319431333332648e-01,1.506773955992731784e+00,1.394947547313877489e+00,0.000000000000000000e+00,0.000000000000000000e+00,3.391060766470918586e-02,-2.606196531205502986e-01,1.267761443083216533e-02,2.366126672106649009e-01,-1.599581811794767786e-02,7.330230142744711408e-01,-5.565848918831827613e-02,4.245596515830083200e-07,-2.740162382343592303e-06
1.427385197809718065e+00,1.159309524378139278e+00,-3.870231240848149290e-01,1.038500338461793848e-01,3.591083899236140464e-01,1.546588067181161819e+00,1.392780730424217683e+00,0.000000000000000000e+00,0.000000000000000000e+00,2.493788383685223084e-02,-2.539371866126715060e-01,-2.757775854063527002e-03,2.526309030929388966e-01,-2.595563992840226736e-02,7.693485754871570714e-01,-6.304915795402735168e-02,9.837636946458048343e-07,-3.586602764475105825e-06
1.428195714371359726e+00,1.148605280754744662e+00,-3.887234295485954561e-01,1.130991459220212353e-01,3.584550451138198146e-01,1.586115700276840013e+00,1.390184672283538037e+00,0.000000000000000000e+00,0.000000000000000000e+00,1.181816165684111686e-02,-2.308045292885020361e-01,-4.899442654767121978e-03,2.556529864569359600e-01,-2.500640985993041882e-02,7.607870248787561573e-01,-7.279108899727332327e-02,3.709142189665945911e-07,-3.097133140069440928e-06
1.428469874314971522e+00,1.139102524735491562e+00,-3.906308409250187075e-01,1.230665708739895753e-01,3.572741398553449521e-01,1.624566120457382024e+00,1.387061620953876195e+00,0.000000000000000000e+00,0.000000000000000000e+00,-4.297278436154795302e-03,-1.991861126156913853e-01,-1.478343499612748413e-02,2.533098332262361252e-01,-2.802436940825216508e-02,7.455054639632564539e-01,-8.515747519954118550e-02,7.141523496684396735e-07,-3.446789361735455442e-06
1.428124433791339021e+00,1.130439577387382322e+00,-3.933719520317845997e-01,1.337619827766148017e-01,3.553381312212309240e-01,1.663872430326063245e+00,1.383217300635276370e+00,0.000000000000000000e+00,0.000000000000000000e+00,-2.271538088257116575e-02,-1.847799840555646167e-01,-3.303319966523985546e-02,2.672970135533261349e-01,-3.711068262823531694e-02,7.739515545777362338e-01,-1.048618207101155997e-01,1.094229173579589166e-06,-4.309121310792531006e-06
1.427046773704045091e+00,1.121439002944468299e+00,-3.973108900592610127e-01,1.450450445426840762e-01,3.527052426580773448e-01,1.706201794407497196e+00,1.378411098235640564e+00,0.000000000000000000e+00,0.000000000000000000e+00,-4.294589503092668265e-02,-2.046694854916799589e-01,-5.037000553531899988e-02,2.965294884885050775e-01,-4.865444501274416439e-02,8.348178423581437135e-01,-1.320510664613930851e-01,9.173927602962189534e-07,-5.103782925028031657e-06
1.425078527048319277e+00,1.111974608464839642e+00,-4.013583247066375148e-01,1.573828418947781083e-01,3.498008701108101248e-01,1.749201755033933381e+00,1.372469004303847662e+00,0.000000000000000000e+00,0.000000000000000000e+00,-6.654631284478181030e-02,-2.109113992198215770e-01,-4.655423290290989363e-02,3.146239036171143977e-01,-4.667160496164240308e-02,8.364655599369787975e-01,-1.589582319710786951e-01,-1.744284657559658125e-07,-4.485927637515560890e-06
1.422210688079815100e+00,1.102644394644015868e+00,-4.049404801389500652e-01,1.699779571521155552e-01,3.472298141302216923e-01,1.790834041874290516e+00,1.365565012009488877e+00,0.000000000000000000e+00,0.000000000000000000e+00,-8.661639687984533376e-02,-2.055095144968397958e-01,-3.624337467211040387e-02,3.123930379366661736e-01,-3.444158123505527969e-02,8.041673196226774012e-01,-1.790135508964027233e-01,-1.050169104065669901e-06,-4.122021503899012243e-06
1.418665927468275356e+00,1.093731901513886884e+00,-4.087640101687792238e-01,1.839786382784538710e-01,3.437314844209181097e-01,1.831852571369155580e+00,1.357440858118071247e+00,0.000000000000000000e+00,0.000000000000000000e+00,-1.068656804607697325e-01,-1.905382538468144427e-01,-4.925800614900097130e-02,3.344622716344201052e-01,-4.744164508510469863e-02,8.030228559259642296e-01,-2.091315213200869161e-01,6.582933597046118308e-08,-4.988198294449521978e-06
1.414224537135486237e+00,1.085605133058275884e+00,-4.129948552451525590e-01,1.984748607161582468e-01,3.397171338853857137e-01,1.871502244706731544e+00,1.348052049093710458e+00,0.000000000000000000e+00,0.000000000000000000e+00,-1.311088628701616854e-01,-1.729769199050580075e-01,-5.828235587812317930e-02,3.334541964681598247e-01,-4.760304429808684401e-02,7.746320242975159864e-01,-2.379368522307391542e-01,-8.393999806196315927e-07,-4.295487334462278186e-06
1.408909366849590672e+00,1.078096667332123504e+00,-4.172556524559848934e-01,2.134037819376325140e-01,3.357715125358679553e-01,1.910084063456446213e+00,1.337505119259800423e+00,0.000000000000000000e+00,0.000000000000000000e+00,-1.511490235980591235e-01,-1.620610080342702042e-01,-5.817464670831612450e-02,3.409284607823401814e-01,-3.995479458656688021e-02,7.580708901503087072e-01,-2.633830226081330106e-01,-1.596501557633956640e-06,-3.997261152103689053e-06
1.402865240001131220e+00,1.071213336461851684e+00,-4.215085714454310239e-01,2.290577387876045479e-01,3.315470994048401732e-01,1.946798313582367879e+00,1.325794568444958133e+00,0.000000000000000000e+00,0.000000000000000000e+00,-1.696450522046792919e-01,-1.458720655968669400e-01,-6.227122534483235661e-02,3.467215389862826069e-01,-3.925196768860859942e-02,7.217956952621091826e-01,-2.892975480545599276e-01,-1.778438507991279924e-06,-3.487557862273343147e-06
1.399829610185403750e+00,1.055067937464667205e+00,-4.285783621693325385e-01,2.673736308594166222e-01,3.270664186965474007e-01,1.969349933209656678e+00,1.310816367099035373e+00,0.000000000000000000e+00,0.000000000000000000e+00,-3.501397723144335922e-02,-5.750818292832006184e-01,-1.000592216782163063e-01,1.303535852113286708e+00,-9.598611705123777371e-02,1.374710539870797055e-01,-4.011698152084247071e-01,-4.154910650868382527e-06,-1.303181834676604448e-05
1.400590085288689446e+00,1.025192501466322348e+00,-4.340426516124497591e-01,3.353664725445432149e-01,3.174404159523707691e-01,1.972970370914080895e+00,1.291876908714090888e+00,0.000000000000000000e+00,0.000000000000000000e+00,-1.842991710821531223e-02,-7.075922370469474032e-01,-3.884415486406887774e-02,1.543643711762017201e+00,-1.938555609158604254e-01,-4.133738108705603542e-02,-4.669055515103274212e-01,-3.147794833092452118e-07,-6.612327787187984024e-06
1.401226578955749869e+00,9.933783247543952477e-01,-4.383723825316439004e-01,4.070676507429587532e-01,3.044214665729017000e-01,1.972893943654567384e+00,1.270876907196841987e+00,0.000000000000000000e+00,0.000000000000000000e+00,-3.174101566591329415e-02,-7.193373238195861497e-01,-3.616561327092485123e-02,1.557889045176481746e+00,-2.404473312888691372e-01,-8.474061403023183670e-02,-5.078461193695646969e-01,-8.490910553748532700e-07,-5.374462703567185837e-06
1.401167739396234069e+00,9.619035722113159492e-01,-4.427905354617144296e-01,4.779456179907337066e-01,2.893818844745322805e-01,1.971737110750308108e+00,1.248351326777246140e+00,0.000000000000000000e+00,0.000000000000000000e+00,-5.132363791507017076e-02,-7.070428140891235058e-01,-4.773420092065634723e-02,1.520554799463962770e+00,-2.682447846926214741e-01,-9.760839474996167719e-02,-5.398896179104742954e-01,-6.102124958565006653e-07,-3.890467746225191284e-06
1.399994225484561428e+00,9.319541041426792072e-01,-4.471324838914875199e-01,5.454266869923085626e-01,2.735976215958799140e-01,1.969851226983486692e+00,1.224919780176690454e+00,0.000000000000000000e+00,0.000000000000000000e+00,-7.828580116980414505e-02,-6.676424482441291053e-01,-5.442062795094873562e-02,1.428166181391377965e+00,-2.681548879708102184e-01,-1.046314630142553964e-01,-5.567507143527944402e-01,-1.082248810541674093e-07,-2.510234464786614715e-06
1.397378149077932230e+00,9.045801858833217857e-01,-4.508981690883772098e-01,6.057984578427657585e-01,2.593906462611747510e-01,1.967319515053882473e+00,1.201615118550144690e+00,0.000000000000000000e+00,0.000000000000000000e+00,-1.072345568993186421e-01,-6.077045079107060710e-01,-4.611202552255849740e-02,1.257806253578511058e+00,-2.245226871053158102e-01,-1.081370665408426385e-01,-5.469215183793308954e-01,1.282597770825497314e-06,-3.119420073910261009e-06
1.393511996055680546e+00,8.801906231177832884e-01,-4.537378679854376928e-01,6.566807586802504426e-01,2.483240364451981541e-01,1.964446895931907244e+00,1.179391719996563559e+00,0.000000000000000000e+00,0.000000000000000000e+00,-1.271278517428507948e-01,-5.404863186855936030e-01,-2.900206947840015120e-02,1.048826982141861430e+00,-1.595939587896318401e-01,-1.054739216514354316e-01,-5.151314923833634207e-01,7.285313902191142275e-07,-2.416115677129120485e-06
1.388995065535773454e+00,8.587216986493756421e-01,-4.558623901781517773e-01,6.983696239630380331e-01,2.400955328380798837e-01,1.961642824911314031e+00,1.158622449470241955e+00,0.000000000000000000e+00,0.000000000000000000e+00,-1.335574236922992819e-01,-4.740895769527194714e-01,-1.962713242203409370e-02,8.574730174229695523e-01,-1.083469378291700008e-01,-9.589769508765257078e-02,-4.782168869080238305e-01,1.738970012661535118e-06,-2.939444083519610777e-06
1.384580913885930187e+00,8.393431617156228430e-01,-4.579907587822608095e-01,7.343410493308951681e-01,2.331929363394322219e-01,1.959555346656808750e+00,1.139007953043305932e+00,0.000000000000000000e+00,0.000000000000000000e+00,-1.254642347989072537e-01,-4.328324297919394770e-01,-2.673589971207615545e-02,7.551784677438403426e-01,-9.045680027094815667e-02,-7.728112461396920152e-02,-4.525317797127978436e-01,1.355650707580319017e-06,-1.969302845022587386e-06
1.380384605310109203e+00,8.217502865886238128e-01,-4.604118441732556466e-01,7.662799521198216945e-01,2.267919267118478910e-01,1.957876013608183419e+00,1.120299785941581749e+00,0.000000000000000000e+00,0.000000000000000000e+00,-1.198713920150501905e-01,-3.919214827258138412e-01,-3.903521479001297034e-02,6.717471005224597835e-01,-8.147831127235644066e-02,-6.664058110775082644e-02,-4.327257848003379648e-01,1.749283882642109953e-06,-1.223276511485307556e-06
1.376212780031481620e+00,8.060332181294532772e-01,-4.632209278451726586e-01,7.947164544556452048e-01,2.208089582045748289e-01,1.956318974923642484e+00,1.102344544068234899e+00,0.000000000000000000e+00,0.000000000000000000e+00,-1.171890515252728415e-01,-3.542831990708616985e-01,-5.555260136371915902e-02,6.080516877330178760e-01,-7.017019137539654006e-02,-6.830091736118894252e-02,-4.177315206907851186e-01,1.621440648350533693e-06,-5.165717692441286969e-07
1.371913511631579707e+00,7.921439101047427211e-01,-4.664244380698123194e-01,8.211945833078608814e-01,2.149864108652363437e-01,1.954384411581939096e+00,1.084887232116702238e+00,0.000000000000000000e+00,0.000000000000000000e+00,-1.164745291002752953e-01,-3.231892943298770859e-01,-7.371224189895253520e-02,5.884028468773713216e-01,-6.364183081204852210e-02,-8.705068862163634069e-02,-4.100477580647325371e-01,1.521900460244683218e-06,-4.562125158534026329e-07
1.367515466770584887e+00,7.792580608483681281e-01,-4.701420728180626951e-01,8.463756711686369893e-01,2.097130490076408449e-01,1.951736258926942691e+00,1.067831606628424801e+00,0.000000000000000000e+00,0.000000000000000000e+00,-1.167275434951114549e-01,-3.142568150676161021e-01,-8.584898448264002835e-02,5.721513879582719175e-01,-5.110265470514880476e-02,-1.073125778743847653e-01,-4.017750552154258914e-01,1.233349210246891796e-06,-8.620816633069298512e-07
1.363123717713812910e+00,7.663393530114722685e-01,-4.742628555264396528e-01,8.715972270217258178e-01,2.045408292614208645e-01,1.947956035264392316e+00,1.051022696886572128e+00,0.000000000000000000e+00,0.000000000000000000e+00,-1.170943886254083161e-01,-3.206522027303335687e-01,-9.513057477697792197e-02,5.791283357930065989e-01,-4.970860599430396154e-02,-1.330787734866101246e-01,-3.976694039958178495e-01,2.037895602212388362e-06,-1.048798993891261482e-06
1.358691946071480139e+00,7.529997921991263832e-01,-4.787152885006618619e-01,8.973252215582566693e-01,1.993589601761611152e-01,1.943279538842673793e+00,1.034350296458879992e+00,0.000000000000000000e+00,0.000000000000000000e+00,-1.187055975153341464e-01,-3.341345660394592354e-01,-1.026824622287781374e-01,5.933570550025365486e-01,-4.867512869446283252e-02,-1.524638426130348057e-01,-3.957425675091123529e-01,1.821488196920220202e-06,-7.552728483441922292e-07
1.354154119041886428e+00,7.390597225926365255e-01,-4.833277641080678810e-01,9.232669925991998650e-01,1.945654042888985691e-01,1.937606647473939292e+00,1.017872929278876848e+00,0.000000000000000000e+00,0.000000000000000000e+00,-1.208512894781316183e-01,-3.511628960824698664e-01,-1.047554576562917950e-01,5.996971442492514681e-01,-3.935084560875597853e-02,-1.768629785382356545e-01,-3.910490345603394591e-01,1.988666830306591908e-06,-1.219028051644610603e-06
1.349568495774404520e+00,7.244102382255360739e-01,-4.880331121408543749e-01,9.496386271997846462e-01,1.899367650812014974e-01,1.930882423163377437e+00,1.001557254889657633e+00,0.000000000000000000e+00,0.000000000000000000e+00,-1.214454553693896655e-01,-3.688344503035592137e-01,-1.075206172383127851e-01,6.120070549013461036e-01,-3.690330202824540495e-02,-2.011390835357437235e-01,-3.880334106028320296e-01,2.197840378662240097e-06,-1.182208748283381921e-06
1.344977426514591956e+00,7.090706982342651621e-01,-4.929388243090221389e-01,9.766500690563101328e-01,1.850917188974542105e-01,1.923214048005786658e+00,9.852812492299627412e-01,0.000000000000000000e+00,0.000000000000000000e+00,-1.219829828835926472e-01,-3.853998898337482326e-01,-1.135593471809939747e-01,6.270832044318055409e-01,-4.148448081463374654e-02,-2.219534902193243120e-01,-3.883932366520146395e-01,2.430054426692935942e-06,-9.486908262433467280e-07
