1.577399738079977798e+00,5.321903655028685787e-01,-8.231645546959980020e-03,1.034561591571257599e+00,1.398501272484738893e-03,1.581642968772704272e+00,1.570554388568849991e+00,7.421061466663175722e-05,-7.420707971569898338e-05,1.299027026994536288e-02,1.708162996663226130e-02,-2.085958538286286981e-02,-2.612105383975764361e-02,8.387695596212926819e-03,2.343763966600542412e-02,-3.915359733248214083e-03,3.197343684551304591e-03,-3.197312960993695108e-03
1.577399738079977798e+00,5.321903655028685787e-01,-8.231645546959980020e-03,1.034561591571257599e+00,1.398501272484738893e-03,1.581642968772704272e+00,1.570554388568849991e+00,7.421061466663175722e-05,-7.420707971569898338e-05,1.299027026994536288e-02,1.708162996663226130e-02,-2.085958538286286981e-02,-2.612105383975764361e-02,8.387695596212926819e-03,2.343763966600542412e-02,-3.915359733248214083e-03,3.197343684551304591e-03,-3.197312960993695108e-03
1.577399738079977798e+00,5.321903655028685787e-01,-8.231645546959980020e-03,1.034561591571257599e+00,1.398501272484738893e-03,1.581642968772704272e+00,1.570554388568849991e+00,7.421061466663175722e-05,-7.420707971569898338e-05,1.299027026994536288e-02,1.708162996663226130e-02,-2.085958538286286981e-02,-2.612105383975764361e-02,8.387695596212926819e-03,2.343763966600542412e-02,-3.915359733248214083e-03,3.197343684551304591e-03,-3.197312960993695108e-03
1.572595942370066169e+00,5.581236756069951621e-01,5.037466431970231279e-03,1.083427987796455438e+00,1.193240873668076005e-02,1.501155378671196194e+00,1.572967297480901694e+00,6.682936828894561754e-02,-6.522507728583935849e-02,5.708333217534523885e-02,1.225143748391882559e+00,2.957476301556833387e-01,4.062950037767195099e-01,1.470629939982367462e-01,-1.639855033118696293e+00,1.269854202524636488e-01,1.684538783187050637e+00,-1.666058888760987289e+00
1.582668280719492060e+00,5.880135015791893016e-01,5.684112048042690331e-03,1.015450514725880993e+00,2.325380527941168021e-02,1.486381264588151563e+00,1.578194933450676851e+00,1.213730817027142833e-01,-1.196553901554280597e-01,2.440369959624043850e-01,3.111829632404761736e-01,-5.163755411539474455e-02,-1.688141349758266685e+00,1.906701893759709110e-01,1.080157726186993239e-01,1.228466537337958436e-01,9.415333982867917229e-01,-9.426056006267599097e-01
1.587037284453131525e+00,6.062247348571497829e-01,1.616719498068968502e-02,1.018219098470982464e+00,3.705020450991552972e-02,1.473306367847372789e+00,1.583930868451622453e+00,1.338791930554419918e-01,-1.329113617049544060e-01,2.073061658627326220e-01,5.740277871035827095e-01,2.341796741332689835e-01,1.605126463866294040e-01,1.653885345639248827e-01,-2.159236270034613769e-01,1.966596626708790874e-01,-2.227479624697940308e-01,2.068503715368925633e-01
1.598958787046828478e+00,6.313198825743212561e-01,2.205378805866142419e-02,1.001159038546930447e+00,3.961161850873240464e-02,1.443264177708763585e+00,1.592974077518204634e+00,1.221025814501461443e-01,-1.210086322700796163e-01,3.666075956505341904e-01,6.130341849621288031e-01,3.814529028142516626e-02,-7.163281706600179710e-01,-7.403307516477256045e-02,-4.862415015639567351e-01,2.339583037025492196e-01,-3.308147734452313582e-01,3.371051274254857621e-01
1.613230869496217190e+00,6.595125590738232235e-01,2.295292820010928769e-02,9.741460734737389382e-01,3.364377165581858287e-02,1.394951099713310327e+00,1.602001757684028638e+00,1.218136673025514150e-01,-1.189080013637119765e-01,3.645634635029751935e-01,7.997545921569051419e-01,-6.633080042142981692e-02,-8.912127770028506202e-01,-1.883890630752134976e-01,-8.469865935139562207e-01,2.329066936929277132e-01,9.875587351603745678e-02,-6.135714333217265337e-02
1.628476476336479628e+00,6.649506005208779547e-01,1.165872880779323523e-02,8.916241392693241563e-01,3.354130914633410288e-02,1.400224989423203725e+00,1.610069044610749067e+00,1.288117719400501682e-01,-1.246521007850838886e-01,2.393577612647256880e-01,-2.571190622113324054e-01,-2.031340925049876789e-01,-1.463267160471449557e+00,-1.907584732457857229e-02,1.390338134975442619e-01,1.679684131962792260e-01,1.386459145444925156e-01,-1.194044560385393028e-01
1.635089516240855634e+00,6.515933565087255186e-01,9.154246756079858008e-03,8.340886348497350555e-01,3.456829278056323951e-02,1.386211906692627505e+00,1.616900091391384020e+00,1.329816654281108512e-01,-1.283640809076492528e-01,9.458297225765069371e-02,-2.219530271015747458e-01,4.471698204223847894e-02,-9.313370221013261840e-01,-4.391418945406923985e-02,-5.900936814913934070e-01,1.639249463462330025e-01,7.006094814061715470e-02,-6.419413392965118981e-02
1.640544469424939589e+00,6.443373721604614968e-01,8.482609183154025262e-03,7.778446596696617643e-01,3.308897576190288764e-02,1.362369106998049029e+00,1.623550364129310530e+00,1.352826064740961787e-01,-1.301602201505248912e-01,1.025577786091846216e-01,-6.945305459355569089e-02,7.149283506861144402e-03,-1.063840006237814384e+00,-7.716238737950839588e-02,-5.997081195743316773e-01,1.527090224344839764e-01,4.000419789847889374e-02,-3.042352467097445348e-02
1.645600637683291234e+00,6.438786169100730872e-01,7.580718751307717607e-03,7.198030164439429557e-01,3.139803179100644770e-02,1.333261061791276125e+00,1.629638896008432480e+00,1.366030117771872554e-01,-1.309660405245402504e-01,9.144279902899007939e-02,9.903796933565899019e-02,4.004865013713769517e-03,-1.161402023858132848e+00,-6.353563243392636173e-02,-6.689544956969859513e-01,1.380592580514784229e-01,2.234036090228947585e-02,-1.331154502391782013e-02
1.650165017268210299e+00,6.504729295880009587e-01,6.383617913247445833e-03,6.597147137036505349e-01,2.925826188124040078e-02,1.298981193166533377e+00,1.635120338002084450e+00,1.373380697290706165e-01,-1.313227283830896708e-01,8.421412085877497122e-02,2.617458267396365890e-01,-1.351929905267430267e-02,-1.264398651934450113e+00,-6.308653589406144901e-02,-7.270147288292488907e-01,1.211972918845494740e-01,1.308857988502184870e-02,-6.821706100897474701e-03
1.654197110436070428e+00,6.639455640419206217e-01,5.385187948808079460e-03,5.978153012546753020e-01,2.759482913201923363e-02,1.259229465084747313e+00,1.639969439853791400e+00,1.377111914348815580e-01,-1.315507048408894597e-01,7.614729869735564760e-02,4.160365007253223890e-01,-1.665508719980261787e-02,-1.353118536159946705e+00,-3.908979878830753235e-02,-8.030474806084849648e-01,1.070311951633101250e-01,5.946362952047838310e-03,-4.132750871928998759e-03
1.657872546771837374e+00,6.840496623424235922e-01,4.855311931323409193e-03,5.347296021929297538e-01,2.624418677263494828e-02,1.213235953077654417e+00,1.644074670325376575e+00,1.383795599285778943e-01,-1.322249902016269518e-01,8.524619241305024520e-02,5.715573456526293894e-01,-2.632378126013180941e-02,-1.451881886339765781e+00,-3.443837394467638702e-02,-8.890597790016687707e-01,9.262324242563566012e-02,2.926384499632742053e-02,-2.975362438927402209e-02
1.661636032420074516e+00,7.107032632719546550e-01,4.780218620699308932e-03,4.702306448286630025e-01,2.573044404603200969e-02,1.161120580942763381e+00,1.648075337400934925e+00,1.391941574979801699e-01,-1.332509162366191380e-01,8.661398038484839634e-02,7.076278335460433055e-01,-2.300211337417746096e-02,-1.498943990109789404e+00,-2.431508763007386199e-03,-1.003212085655261099e+00,9.128301616143706665e-02,1.389302078472228440e-02,-1.828480218012143790e-02
1.665476059500678563e+00,7.417679315114497074e-01,3.841429713717006440e-03,4.057130837913684451e-01,2.485594301181373589e-02,1.106215466591424113e+00,1.651828739696517223e+00,1.395848474453027233e-01,-1.338316878121103004e-01,8.791646254933999094e-02,7.800481499399731788e-01,-5.734667246631264953e-02,-1.503435039407569729e+00,-4.971447886915870973e-03,-1.039568821127671239e+00,8.504698026325335780e-02,6.561026652170663144e-03,-9.728306062080071051e-03
1.669071458302148869e+00,7.751443961959517681e-01,1.828594246477311443e-03,3.432421179064779615e-01,2.347483513803558935e-02,1.049905232752363693e+00,1.655293420830135531e+00,1.397625293061943996e-01,-1.343015751462477980e-01,7.982863217638755393e-02,8.199804842731964749e-01,-8.030014858294899638e-02,-1.469417313499188804e+00,-8.639005336017708397e-03,-1.067367463677472150e+00,8.323566088166779731e-02,5.250079029296420702e-03,-1.080567853148248561e-02
1.672185008453083821e+00,8.082030607646616405e-01,-2.907273049333551607e-04,2.835004264662335238e-01,2.354811981625075726e-02,9.963200302966813693e-01,1.658355572186024141e+00,1.398479311771323175e-01,-1.348592110829851254e-01,7.121321576558659050e-02,7.730313780297988213e-01,-7.439683207523305197e-02,-1.370616077691478196e+00,2.049317645308293759e-02,-1.009611087390670736e+00,6.805445222794458127e-02,1.880305141532196854e-03,-1.078229460045827467e-02
1.674182615170350941e+00,8.468328004157326117e-01,-2.512634785265386488e-04,2.288226728719495173e-01,2.189826544868175504e-02,9.273724740432155444e-01,1.660922848946964514e+00,1.398232844489163962e-01,-1.352661510343978746e-01,5.521887974252887021e-02,1.002367854323903851e+00,-7.196377502519099578e-02,-1.415868694870906941e+00,1.200228157070822380e-02,-1.385865280282472689e+00,6.039824132774911092e-02,-5.027748005968327464e-04,-6.913126896546497105e-03
1.676293055237753959e+00,8.901004449775689054e-01,-1.599842788919259538e-03,1.721418706724895664e-01,2.159672499592806341e-02,8.544055491752202691e-01,1.663159296556540045e+00,1.398097342264510434e-01,-1.354732389976006646e-01,6.335168691974037147e-02,1.027611215815161794e+00,-1.050783851511765815e-01,-1.392402065060994731e+00,3.138333481609143633e-02,-1.436529243554286017e+00,5.934679133635888115e-02,1.544214126357889048e-05,-3.229938670940204343e-03
1.681619563367735548e+00,9.147816749524266822e-01,-9.080746986237654694e-03,1.224923071116163636e-01,2.621858318333888591e-02,8.313262362548724527e-01,1.665912737656580100e+00,1.395337468404192205e-01,-1.358472119321426086e-01,1.404438830984583164e-01,3.135735752758562755e-01,-1.672691296844555642e-01,-8.128416242409410852e-01,2.467059366959865885e-02,-2.318162359939840156e-01,9.226192715296413493e-02,-5.775710142548793821e-03,-7.418832081927887422e-03
1.691400650240958869e+00,9.081506210280827496e-01,-1.229058025208935347e-02,1.098130579905642334e-01,3.602218505887112149e-02,8.858229218911630731e-01,1.667358838366892915e+00,1.389422123644580842e-01,-1.364883686163613774e-01,2.799435865665407253e-01,-4.013677751517475967e-01,-2.148485794505756649e-02,2.122112847393443635e-01,-2.197885004069758536e-03,1.322118299223721705e+00,9.860300661904775055e-02,-1.136639997593846992e-02,-1.219879876451661002e-02
1.703620175943085790e+00,8.849862926097056270e-01,-1.682744526736049476e-02,1.175672306381582710e-01,3.564432357793233253e-02,9.557754364314143825e-01,1.673273614196379988e+00,1.375494539217805567e-01,-1.357339996937683146e-01,2.668139541219260447e-01,-5.857470793853539748e-01,-5.956820540133608843e-02,4.140548101168983752e-01,-1.546429437991067579e-01,1.323424896582673815e+00,1.782031656800486530e-01,-5.095255868130021959e-02,4.219343238350836689e-02
1.713243758656683102e+00,8.544946960521494495e-01,-2.712948872237134351e-02,1.230056641679560941e-01,2.976657476431364760e-02,1.026934395026489533e+00,1.681961255460876048e+00,1.363618253152256432e-01,-1.341095481565081904e-01,1.469552932984971305e-01,-7.588925223488203198e-01,-1.070965294371428594e-01,3.970524813468063186e-01,-1.912791563525460536e-01,1.318731269619608959e+00,1.848623027691891629e-01,-1.799355740502913206e-02,2.915810532415465464e-02
1.718211701467820207e+00,8.240863824075764787e-01,-3.140314485628871444e-02,1.293150197101197163e-01,2.682228195913861912e-02,1.085976331974797704e+00,1.687853021189840153e+00,1.358367625484309948e-01,-1.332111010771771520e-01,6.653807397524774681e-02,-6.641660158274895753e-01,2.971287517725872823e-02,3.272494367545358829e-01,-1.027283282381097063e-01,1.031741771986741441e+00,1.146023153419193502e-01,-9.082932709390702589e-03,1.478591537622189409e-02
1.721353129236557811e+00,8.000555005845181311e-01,-3.038742704115527868e-02,1.342762330784083025e-01,2.721843607791227596e-02,1.132600974915067615e+00,1.691699690269853340e+00,1.332855707777839960e-01,-1.313287220921048604e-01,6.341076249120804198e-02,-4.943589746957847142e-01,8.419378107254417432e-02,2.279934429064298662e-01,-4.447054872284940397e-02,8.230368466805222383e-01,8.924479713389908697e-02,-9.372315512304187080e-02,7.829118798883373531e-02
1.724997851110255498e+00,7.843321289602602775e-01,-2.674897603614822053e-02,1.378732640962693767e-01,2.917093796840917672e-02,1.167574972159358015e+00,1.695158853697521950e+00,1.170911020887284576e-01,-1.158949053741424318e-01,1.025384367532538032e-01,-2.905842033239354749e-01,8.541548037005734784e-02,1.200761560150442192e-01,-2.025651471951617211e-02,6.272286983525406923e-01,9.866404440432180456e-02,-6.194033157870753037e-01,6.063350850395849978e-01
1.729350023733586372e+00,7.832112583080458323e-01,-1.749979000708089608e-02,1.522987533715093045e-01,3.207253647089462062e-02,1.192234809172566967e+00,1.698392406658349119e+00,7.371252223667132397e-02,-7.330588341282419373e-02,1.635542871633588469e-01,1.490813737516758497e-01,1.035035567247890032e-01,1.319685189454734564e-01,1.636106121312210296e-02,5.251360826396129777e-01,1.174371657028881188e-01,-1.371784410052719227e+00,1.357701387062183684e+00
1.740685293408945400e+00,7.964487689454371466e-01,-3.203469709088298083e-03,1.563629625308826654e-01,4.521187313424122889e-02,1.209139375495844826e+00,1.702445186356238205e+00,1.888454681208093927e-02,-1.865795636837675603e-02,4.208318078654287309e-01,3.566728250759058083e-01,1.582207937314634716e-01,-9.215048293034087956e-02,1.306155387077606589e-01,3.704444294520435887e-01,1.949616257575161327e-01,-1.274269047363389085e+00,1.273553982831091780e+00
1.760880874654825012e+00,8.098310194907701876e-01,2.804325025220683922e-03,1.510013974554829108e-01,5.250795664798104528e-02,1.223183205935753248e+00,1.712377455252845904e+00,-1.488706347941473824e-03,1.534563044518664435e-03,5.609180285185181303e-01,2.601366936528580753e-01,-4.429098580149692932e-02,-1.842984979895710973e-01,-3.423655293753283257e-02,3.114080984745511982e-01,3.306195806254135783e-01,1.099404742244669414e-01,-1.130430054575767840e-01
1.782500258236519253e+00,8.148783968793131827e-01,-1.905635237298103617e-03,1.464857474470460663e-01,5.091728211458131093e-02,1.248091877751911882e+00,1.726748293337127649e+00,2.174115480008112153e-03,-2.169868752763352664e-03,5.042350056165277872e-01,4.015489054978930300e-02,-1.952755690183844428e-01,-4.537995418279192061e-02,-1.713341211285832333e-01,5.552575139395707904e-01,3.880361456803225750e-01,7.001213875966066924e-02,-7.023300447885166831e-02
1.800823898686151781e+00,8.144994374541713045e-01,-7.990645114063440330e-03,1.436683438832537796e-01,4.751484128514910782e-02,1.273395031580848658e+00,1.741613604200676457e+00,3.833070816319514209e-03,-3.832039615767677491e-03,4.120512818438250568e-01,-3.665092657231858175e-02,-1.642217745785126415e-01,-2.948661471666697703e-02,-1.616856905235870001e-01,4.966868299972840295e-01,3.726542423034770457e-01,1.583342588002705636e-02,-1.583938472266897129e-02
1.815848247102175073e+00,8.117142751709649495e-01,-1.317253846830661324e-02,1.397645469780625649e-01,4.484800308491124210e-02,1.296833110848828241e+00,1.755763192584999688e+00,4.190803546243920645e-03,-4.141450487502628189e-03,3.363949380912024667e-01,-8.379771811020274297e-02,-1.267722828861413686e-01,-3.828073151547162212e-02,-1.322799988148107841e-01,4.507871366155725146e-01,3.454919317836890880e-01,2.339952431784158085e-03,-1.242360345489979152e-03
1.828137150800197119e+00,8.066855562803808555e-01,-1.829865230371488169e-02,1.340542281988245099e-01,4.238472305451890937e-02,1.318795955175777967e+00,1.769056287043317521e+00,4.465000427718213497e-03,-3.975404809459315639e-03,2.677805310568381336e-01,-1.380439087689403210e-01,-1.092466495146688504e-01,-5.077896821050132542e-02,-1.191688669790926802e-01,4.078987572013761387e-01,3.159856521692792075e-01,4.580543632589084702e-03,2.767081529095097390e-03
1.837823020321096568e+00,7.989684213193478657e-01,-2.380011146986325127e-02,1.262075050315540625e-01,3.988129595091297747e-02,1.339505965218168226e+00,1.781240835235776698e+00,4.658800537089265691e-03,-3.836354225578094551e-03,1.992855751188740976e-01,-2.050603547105724345e-01,-9.393679724063939973e-02,-6.150088970360602370e-02,-1.102261184634799884e-01,3.640779900494817145e-01,2.799692183599324924e-01,1.755727627151109803e-03,8.376811329888933944e-04
1.844727363963708955e+00,7.889958880495586691e-01,-2.931266891324904589e-02,1.173291363570071327e-01,3.695902673249374520e-02,1.357606260831045519e+00,1.791958629959808036e+00,4.798300870281386153e-03,-3.724571028038170181e-03,1.263452537849695800e-01,-2.461392821102834916e-01,-7.598453332998691967e-02,-6.974404764137348556e-02,-1.028188413866545220e-01,2.951336110473466445e-01,2.360018262319538151e-01,2.388214466754163580e-03,1.923429349506996415e-03
1.848842382404533247e+00,7.789737736003488067e-01,-3.338506795841510860e-02,1.089379494300337509e-01,3.448632502428834734e-02,1.371428203867554263e+00,1.800829132912310504e+00,4.879265012809563991e-03,-3.657640104164783332e-03,6.546393004600521703e-02,-2.227033581132732698e-01,-4.165351466626839028e-02,-8.146402117419528077e-02,-7.494804761470603982e-02,2.110777751086047593e-01,1.898216609739906136e-01,1.259776706231031549e-03,1.024439438051925498e-03
1.850823232207238878e+00,7.698784206564337484e-01,-3.690499149940894980e-02,1.000484940443593235e-01,3.248517456586687974e-02,1.382620749368329571e+00,1.808031675674210081e+00,4.910650067433191754e-03,-3.633361194406292596e-03,1.798499020665709353e-02,-2.025290792696885778e-01,-3.061741513040558416e-02,-9.770274144682615514e-02,-5.501192955936417411e-02,1.685637811695287758e-01,1.491558647689859296e-01,4.255462642758232384e-04,3.063601860690538152e-04
1.851633382951211271e+00,7.604336433944873797e-01,-3.984249207775785590e-02,8.881710283571656039e-02,3.233690261803424254e-02,1.393377050708155318e+00,1.813779758782498197e+00,4.953387878426356028e-03,-3.594222601512863172e-03,5.001601533918711810e-04,-2.349761652743913576e-01,-4.961025965331489207e-03,-1.117336535912510365e-01,-2.490637693535824662e-02,1.500512930478708484e-01,1.184732889975059350e-01,8.359331594551326584e-04,7.755586623934205811e-04
1.851271346805623219e+00,7.512669381828912529e-01,-4.235111058605088574e-02,7.980792750864301732e-02,3.072448888340798337e-02,1.399983629116736683e+00,1.818390046107779323e+00,4.956350785008936319e-03,-3.593083250788050870e-03,-3.510781621989508827e-02,-1.931083094345738271e-01,-8.827210679999079879e-03,-1.053742727225116527e-01,-3.930491634547818303e-02,6.849934836787610615e-02,8.840757914666382000e-02,-1.006672810032322834e-04,-1.312654187516300623e-04
1.849201045486634776e+00,7.433819531445797768e-01,-4.583857582324699087e-02,7.081707956367411239e-02,2.832048902141425656e-02,1.405413878461666544e+00,1.821672617416398410e+00,4.971063191546542907e-03,-3.579296044060109767e-03,-8.303131559606669043e-02,-1.707719890060349632e-01,-2.454407709826226386e-02,-1.120783661568377221e-01,-3.558359416269804565e-02,6.401006958795948942e-02,5.106903236633425491e-02,3.421626474631899633e-04,3.266116214259085415e-04
1.844994891529885273e+00,7.364496557170907565e-01,-4.968372518002173166e-02,6.253105471756123523e-02,2.555390213852807429e-02,1.409759509641244746e+00,1.823324905502522908e+00,4.990755021408370233e-03,-3.560076344426262376e-03,-1.373480047353275169e-01,-1.443970995772276278e-01,-2.535073224559161037e-02,-1.125917672359020016e-01,-2.409821375559839662e-02,4.699571051737078814e-02,8.016735106397360200e-03,3.566003674140227030e-04,3.486191560335398119e-04
1.838566312498831845e+00,7.304931995813439549e-01,-5.369963519781917327e-02,5.471243692928894065e-02,2.269240730916793208e-02,1.413129859994078474e+00,1.823213297575796421e+00,5.014293217922166819e-03,-3.536783244600020300e-03,-1.917408369174188054e-01,-1.211851813700160485e-01,-2.418390665408959306e-02,-1.152920348061926004e-01,-9.428764879705203716e-03,3.385816311949235713e-02,-3.707852939132211950e-02,4.353814993951362852e-04,4.311735496907886283e-04
1.829934152710550821e+00,7.254758533072461768e-01,-5.772402225065281084e-02,4.748579159320304860e-02,1.981435268945274178e-02,1.415470630659564799e+00,1.821273976071187573e+00,5.039582789698186099e-03,-3.511626603419188645e-03,-2.447971640697361451e-01,-9.682980523483797342e-02,-2.073213468437527102e-02,-1.169554285571093588e-01,6.010076554078079905e-03,1.907072359034464246e-02,-8.294188993068248028e-02,4.562086664970706348e-04,4.538426028741055461e-04
1.819153165922103188e+00,7.214968622635148376e-01,-6.167931510376438442e-02,4.101321667112940716e-02,1.693236101552306541e-02,1.416839833725783038e+00,1.817486058257821169e+00,5.070707311503714135e-03,-3.480581503573369154e-03,-2.960675665394376099e-01,-6.924128911312610324e-02,-1.740107889940823924e-02,-1.176032484343283308e-01,2.149900700387194497e-02,7.413108232025407418e-03,-1.288272093060798540e-01,5.761350404790633239e-04,5.746185692823768199e-04
1.806513501107780195e+00,7.189140335955752636e-01,-6.496920664419315872e-02,3.527027337586619710e-02,1.471240662592276927e-02,1.416948634889960701e+00,1.811870490540874012e+00,5.064230174541031228e-03,-3.487113232821227159e-03,-3.337799462414352547e-01,-3.269046407952547195e-02,-4.477251468322290470e-03,-1.224862762301777291e-01,4.635382776095563900e-02,-9.826371110504278014e-03,-1.707613348597791236e-01,-2.523559847012673630e-04,-2.534664501829053196e-04
1.792612936905201515e+00,7.176108859079496360e-01,-6.786765238764949637e-02,2.970031626112431752e-02,1.308769739902386660e-02,1.416126215805195265e+00,1.804690745798720686e+00,5.031941642906088454e-03,-3.519444496098524718e-03,-3.589225171277872217e-01,-6.205177501455994005e-03,8.072066949294416649e-04,-1.294138020909568754e-01,6.366697047504576989e-02,-2.175883909277034900e-02,-2.059360109069787725e-01,-6.337602325500252742e-04,-6.346808938791649026e-04
1.777590828710307713e+00,7.174107162451085484e-01,-7.080808304117527929e-02,2.467183667682087619e-02,1.123048892061113448e-02,1.413887527336432859e+00,1.796147014345693016e+00,4.999774909202989170e-03,-3.551650014542947088e-03,-3.876126226728234259e-01,2.311145660984516292e-02,-2.949588961436483761e-03,-1.347696910370280998e-01,6.874320710392801959e-02,-4.554503121181240066e-02,-2.389687042379318171e-01,-5.532867068339773634e-04,-5.541875718148360800e-04
1.761354602511576495e+00,7.192393573274101781e-01,-7.313178032586875599e-02,2.025576282088134214e-02,9.533305858680203929e-03,1.408062164743830502e+00,1.786245598696874826e+00,4.954446736877705058e-03,-3.597016998568839784e-03,-4.127279286603274255e-01,8.311078801826535245e-02,3.807535433585708048e-03,-1.574873737259162021e-01,8.552253712324778268e-02,-1.128853349669541456e-01,-2.696881568911700944e-01,-8.531975456823134461e-04,-8.541037253288663502e-04
1.744083613859602089e+00,7.236098259147515366e-01,-7.528981725981875872e-02,1.575023734894877639e-02,7.881056368363685907e-03,1.398675452694164711e+00,1.775188950677243804e+00,4.901722525461407742e-03,-3.649781139448784930e-03,-4.355431990390027375e-01,1.444479272226298072e-01,-1.261434016787939608e-03,-1.866093334397132819e-01,9.749697016147841622e-02,-1.710913996684181593e-01,-2.964058136590857484e-01,-9.505115845992125924e-04,-9.514628663262249828e-04
1.725908286220383836e+00,7.298557012653096310e-01,-7.782514171282486903e-02,1.036711892579194466e-02,6.356605597431940272e-03,1.387082723011099139e+00,1.763109859254754941e+00,4.847296508604929076e-03,-3.704250184236292966e-03,-4.569661821753484010e-01,1.787361389848039495e-01,-9.018876070892644509e-03,-2.115602727277633988e-01,1.080494571374181340e-01,-2.070026781189245324e-01,-3.214846573255962792e-01,-9.667486870397590899e-04,-9.677929156489357759e-04
1.707296121896975993e+00,7.364863995512195283e-01,-8.050007308486636926e-02,2.656924378301378682e-03,5.890154691116980361e-03,1.373867251797824540e+00,1.750103231539384074e+00,4.785270042567484582e-03,-3.766321746342547652e-03,-4.623106650789455818e-01,1.670598263166440112e-01,-1.330342436058234643e-03,-2.370785060086246510e-01,1.261851863444512778e-01,-2.497938951969369548e-01,-3.420170627424012899e-01,-1.125452697268254079e-03,-1.126501360407165288e-03
1.688311815442453012e+00,7.431155764931470786e-01,-8.248675334408456239e-02,-4.442019157756989071e-03,5.510487867204053904e-03,1.358000336598664592e+00,1.736353464475572483e+00,4.692661231700681092e-03,-3.858975319504868474e-03,-4.715363236904430710e-01,1.791895979511645143e-01,1.066385673657309179e-02,-2.327547642529105842e-01,1.316502141134975046e-01,-3.031279059265232223e-01,-3.587396498522739674e-01,-1.515260852900727085e-03,-1.516299353449092942e-03
1.668623497862231186e+00,7.517041474212318164e-01,-8.323205279931178424e-02,-8.894867830781668164e-03,5.018182874225231641e-03,1.338986965423440090e+00,1.721915044502220438e+00,4.505832418535817528e-03,-4.045848915769894270e-03,-4.849648143950596180e-01,2.516312193960879018e-01,1.956041170129997619e-02,-2.281038659583672357e-01,1.437137184661075318e-01,-3.460955814949782661e-01,-3.736746363412304928e-01,-3.123404883172714846e-03,-3.124454565519228701e-03
1.649394791800861793e+00,7.620818741553937459e-01,-8.318537806298798021e-02,-1.414083542292266307e-02,6.925177127283231940e-03,1.321847824907667057e+00,1.706939239853632495e+00,4.436344199099853843e-03,-4.115379053873906810e-03,-4.532471335567981874e-01,2.642805250287252883e-01,3.080210552232056156e-02,-2.301969971973304996e-01,1.782411030637175431e-01,-2.879555430586165365e-01,-3.789295552400652189e-01,-7.118297625015717342e-04,-7.127466392018536609e-04
1.630654474470061732e+00,7.795763095994723280e-01,-7.695341347972976809e-02,-7.956316607410278061e-03,9.592795896289628768e-03,1.297470811978407523e+00,1.691330552529994202e+00,4.892353091393865025e-03,-3.659402357867800899e-03,-4.159152040004477913e-01,5.533578005977438652e-01,8.262045746854623784e-02,-1.965922644710790534e-01,2.124354413494423111e-01,-3.916038794530677936e-01,-3.760360833112081913e-01,5.459786174109741708e-03,5.459158354247168471e-03
1.617143195635084352e+00,7.818101795039743562e-01,-8.810858300422051703e-02,-1.977310986589130015e-02,1.444976393977250723e-02,1.337436608785352865e+00,1.677942960765183233e+00,3.637801538090370840e-03,-3.116829080839266051e-03,-3.233050385986299124e-01,-2.487969220308383356e-01,-1.349181213328113360e-01,7.399634788083847559e-02,1.168815853708663199e-01,1.009059662030563631e+00,-3.525480639632764257e-01,-4.734607449289938985e-02,3.006332084692493745e-02
1.602859190286757052e+00,7.673247624778110065e-01,-9.328185894806516332e-02,-9.946936956239658609e-03,1.323580730617553332e-02,1.379968607477438214e+00,1.662939847512035829e+00,1.564466206575366222e-03,-1.433693741689802013e-03,-3.925603834695475247e-01,-3.302730113280859525e-01,3.368645132565570993e-02,3.215505609494910266e-01,5.178104937019248344e-02,7.629629843142057277e-01,-4.042405037914463817e-01,-5.258394517893485998e-02,4.774416009841379871e-02
1.586422220258012494e+00,7.536307432901314662e-01,-9.498824905144194475e-02,1.165417185296384111e-03,1.267908000619603730e-02,1.416481598810643838e+00,1.646168141294530596e+00,-1.051132557353001186e-04,1.222117948972222630e-04,-4.274799304753159057e-01,-2.857954344013111103e-01,6.889181889917786461e-02,2.770018805396362027e-01,8.728979939334491345e-02,6.841667947893049773e-01,-4.359044974663117689e-01,-3.561986147120006774e-03,1.611002384149949097e-03
1.569068155596222924e+00,7.416887169685089098e-01,-9.607943104883913399e-02,1.085997232792434812e-02,1.267782515420661643e-02,1.449731197005485805e+00,1.628412080643357074e+00,3.283679292986564277e-05,-3.302691538032988375e-05,-4.426102081819095480e-01,-2.464327378529517498e-01,6.882855671900475758e-02,2.344433151946790916e-01,9.617667187675776885e-02,6.304339297341934323e-01,-4.527580283928593352e-01,3.352503957253841465e-03,-3.405288709922484752e-03
1.551261733668338527e+00,7.314446224558776022e-01,-9.708061354889645223e-02,1.937771669580759873e-02,1.275637971295903901e-02,1.479915383917796756e+00,1.609987002111328502e+00,1.278771722956393263e-04,-1.281787576952901685e-04,-4.505076024446889038e-01,-2.059331071827256165e-01,6.356102926962535482e-02,1.952472857030253528e-01,9.933065414077467403e-02,5.763307363648964010e-01,-4.644645264244481320e-01,1.412249722078455809e-03,-1.413044224092226565e-03
1.533278801489062815e+00,7.228403115345508612e-01,-9.812584160098504482e-02,2.644163389086964799e-02,1.294064611280144710e-02,1.507041451635504403e+00,1.591077775228086910e+00,1.437180069198416073e-04,-1.438370179569097615e-04,-4.520388398125814167e-01,-1.699938126117926662e-01,5.730851487670536593e-02,1.540808087251856473e-01,1.021430408808099155e-01,5.206949285177560061e-01,-4.720770386130911378e-01,-4.468064507197139429e-04,4.402743198887725277e-04
1.515313651911969428e+00,7.156636042472656056e-01,-9.921930968112586957e-02,3.220632274528923561e-02,1.318460710909818805e-02,1.531326027275452306e+00,1.571846884509260578e+00,1.001375176562969445e-04,-1.002187359336652805e-04,-4.498180578789139905e-01,-1.385620251375301037e-01,5.147753599761385745e-02,1.187222776567557758e-01,1.033109591710515002e-01,4.698686723277236688e-01,-4.762624650918083069e-01,-1.530246960696854831e-03,1.521280309411956848e-03
1.497480221535463230e+00,7.097120948788731010e-01,-1.003960880202391381e-01,3.679623943166124983e-02,1.344419456914369183e-02,1.553091106062302718e+00,1.552429392156259746e+00,3.302887790768905309e-05,-3.310765215764112243e-05,-4.456379904138648151e-01,-1.121610482051815932e-01,4.561333593942938636e-02,8.785695957049026450e-02,1.033411745138214516e-01,4.246188583148848283e-01,-4.778364711289855848e-01,-1.683705083614238547e-03,1.674215727618190690e-03
1.479835677436332153e+00,7.047902999338030439e-01,-1.016391980441035681e-01,4.034372112562907564e-02,1.372517250262663378e-02,1.572611645160185700e+00,1.532929869439193293e+00,-3.078523721040023378e-06,3.243301694030487616e-06,-4.403842572255788346e-01,-9.012411932683681015e-02,4.091047026713906520e-02,6.122153353593730307e-02,1.033092961240373586e-01,3.838393915126628864e-01,-4.773332384312812815e-01,1.750819992860328271e-04,-1.713627937748182989e-04
1.462401610478783587e+00,7.007461609537933844e-01,-1.029331089611833089e-01,4.298214888791971472e-02,1.400496171345732774e-02,1.590056418677459060e+00,1.513432501831686094e+00,3.050411716778580179e-06,-2.970666479631863547e-06,-4.350284096083855134e-01,-7.106824589882845822e-02,3.684733107652809342e-02,3.786511893767674497e-02,1.028750736721602277e-01,3.455641447184576442e-01,-4.752706392086413212e-01,1.141200396503840215e-04,-1.280101929326273285e-04
1.445184135243561041e+00,6.974922886404574252e-01,-1.042247360410377133e-01,4.476561949115279854e-02,1.432735440892815397e-02,1.605468169120245703e+00,1.494009399259161652e+00,6.024538653259706241e-06,-6.050362100390323658e-06,-4.293016480459416195e-01,-5.374213627373216479e-02,3.425654067045175860e-02,1.590712518067680104e-02,1.032974324856410081e-01,3.072913321962402189e-01,-4.716396845343528432e-01,2.880825646285231737e-05,-3.961826580146359525e-05
1.428221767241146800e+00,6.950153912767477182e-01,-1.054098343549002420e-01,4.562724770622259701e-02,1.478712262606099448e-02,1.618594562171890239e+00,1.474749956291458997e+00,5.777255218080992989e-06,-5.834340251876744098e-06,-4.219437698991347352e-01,-3.634141156138153556e-02,3.374518173934426546e-02,-7.791517926535018387e-03,1.051640284977170547e-01,2.625031975134611839e-01,-4.656780494696438066e-01,-4.191853959380416225e-05,3.241616376865555398e-05
1.411578224852675589e+00,6.932415284657940102e-01,-1.064988875800572804e-01,4.559319711832301308e-02,1.538267677511623820e-02,1.629576146618627819e+00,1.455750041543758755e+00,3.436199467826467090e-06,-3.498806083808335830e-06,-4.132986225431712901e-01,-2.147339718741227491e-02,3.290383444203265340e-02,-2.869270849971828838e-02,1.063066649855553408e-01,2.219097178410523730e-01,-4.577696288706780137e-01,-7.563346485528050199e-05,6.680106661667818354e-05
1.395292086034954693e+00,6.920754148987776633e-01,-1.074916258253402201e-01,4.474876003437638222e-02,1.610808242603205612e-02,1.638558778270021055e+00,1.437087230927117432e+00,5.626638859408763576e-07,-6.220381681182283312e-07,-4.038949748076042234e-01,-8.646705742265206954e-03,3.244657248830986468e-02,-4.722454287771444409e-02,1.071961300004742462e-01,1.833954903280331783e-01,-4.482949233875728190e-01,-7.147316447796032968e-05,6.312364327646818364e-05
1.379388604364505833e+00,6.914470325346557811e-01,-1.083721619062226610e-01,4.317264797300785634e-02,1.696676225673655544e-02,1.645638626770369539e+00,1.418827083941588629e+00,2.108402761064937228e-08,-5.713971378718431099e-08,-3.939041820033072905e-01,2.770677458584713208e-03,3.244355423636076374e-02,-6.377049932662963438e-02,1.080219775851273406e-01,1.464028217516368802e-01,-4.374636392800896334e-01,7.569563457603167312e-06,-1.510419449160090611e-05
1.363882385053500457e+00,6.912574000732469859e-01,-1.091837588185594482e-01,4.092814526746444553e-02,1.792517890636538547e-02,1.651031975730162138e+00,1.401016602351510487e+00,3.596681266837625511e-07,-3.930010089125477055e-07,-3.839607678960206272e-01,1.141583452102164567e-02,3.187686145716960712e-02,-7.762246606366544899e-02,1.080144368028845975e-01,1.136238891220790748e-01,-4.259222641739248694e-01,1.635441579661959844e-06,-9.383702989132822582e-06
1.348791121872455534e+00,6.912010064866476178e-01,-1.100595243757695740e-01,3.791625136315489308e-02,1.899408043275293417e-02,1.655353904068222581e+00,1.383677379147237430e+00,4.541717829579368789e-07,-4.791275998359008715e-07,-3.740546256427532690e-01,9.820554636680148275e-03,3.070544087006421563e-02,-8.717507129376460273e-02,1.071053142458588681e-01,9.170090124096805240e-02,-4.143720025270454799e-01,-4.202348556845077085e-06,-3.208054277680505304e-06
1.334073358593515612e+00,6.911176504499541018e-01,-1.108415293602271617e-01,3.446882613255951994e-02,2.014345629888816477e-02,1.658461285974750732e+00,1.366815700276916123e+00,3.480004980380079558e-07,-3.650378769059781450e-07,-3.650806078375924413e-01,9.004275342663960527e-03,3.258377212878982992e-02,-9.350135701357979723e-02,1.064660428528397401e-01,6.480513228173626072e-02,-4.025742444124063013e-01,-7.919318961392742278e-06,8.011822215652189858e-07
1.319709569352976120e+00,6.910849562539125301e-01,-1.114844937533875646e-01,3.059627751126352616e-02,2.138373387835803760e-02,1.660166764241768567e+00,1.350450803982425452e+00,1.481222801677116941e-07,-1.574833701210925450e-07,-3.562043814481246629e-01,1.020133033162937131e-02,3.449244211749324246e-02,-1.010061585636672227e-01,1.062418753764115681e-01,3.481672483494602927e-02,-3.903038361415022139e-01,-8.734831605597191239e-06,1.910713401307242981e-06
1.305718010682262342e+00,6.910658474158595244e-01,-1.120365193328907299e-01,2.625068766463349926e-02,2.275029930291051078e-02,1.660708745725377744e+00,1.334603888022867668e+00,-1.117687064673844245e-08,1.359509897060492968e-08,-3.467124778066953406e-01,8.685988654089883340e-03,3.588743318824569317e-02,-1.067472669330953722e-01,1.060473984888441745e-01,1.044391478729593363e-02,-3.776633188378284989e-01,1.126894891203007495e-06,-6.403117524303165146e-06
1.292091438649903390e+00,6.907419976286648389e-01,-1.127685238200790974e-01,2.129613729759153098e-02,2.406775542298757523e-02,1.660547410676555646e+00,1.319248457219369897e+00,3.504409455874769524e-07,-3.284618848140697827e-07,-3.394113847079064383e-01,-2.963809405308920081e-03,3.370128890399540916e-02,-1.095723431778923007e-01,1.018301203893213491e-01,-7.225916617660082565e-03,-3.667491520494060575e-01,2.675829049925598738e-06,-9.390912530328308786e-06
1.278678145369027908e+00,6.899742299643689680e-01,-1.135468144876221747e-01,1.614594865883412639e-02,2.527572625340462203e-02,1.659593387866863612e+00,1.304310263022374183e+00,4.753473775460346998e-07,-4.312258475295738400e-07,-3.357985475878529913e-01,-1.293182071224560983e-02,3.477573779984837604e-02,-1.079043469676856798e-01,9.861008513583105484e-02,-2.694671074703005806e-02,-3.576181613922941871e-01,-3.351276995836287574e-06,-3.552859819418218644e-06
1.265372740527296536e+00,6.888768126472779585e-01,-1.142787613588595041e-01,1.091141747708958276e-02,2.644928123721414226e-02,1.657854454236225239e+00,1.289736535945779750e+00,3.935930689071654353e-07,-3.348248220256178745e-07,-3.336973474375066195e-01,-2.005412926620970746e-02,3.680499125295484675e-02,-1.059590296262760412e-01,9.736526679118266692e-02,-4.494319364840150544e-02,-3.495124866446670531e-01,-7.508845131563382287e-06,3.480853254002916483e-07
1.252135135949229428e+00,6.875420231541551352e-01,-1.149564122955781392e-01,5.623854993044666642e-03,2.761199045681348233e-02,1.655353588490289685e+00,1.275491410012661975e+00,2.065205841559433183e-07,-1.381344272182344374e-07,-3.322331555126625813e-01,-2.532533522810015425e-02,3.850317007914152989e-02,-1.041606327482748340e-01,9.658448565524253848e-02,-6.217066962495688964e-02,-3.422141836905944201e-01,-8.814437690867591257e-06,1.499550235623512821e-06
1.238928994520176685e+00,6.860580356358979559e-01,-1.155929035261446802e-01,3.532254519056646160e-04,2.872892864536632715e-02,1.652045369415666043e+00,1.261536856800988593e+00,2.279098897371251301e-08,5.510247785054140656e-08,-3.317793895865088771e-01,-2.811051164765095839e-02,3.951157642550353483e-02,-1.023988315414957467e-01,9.563670540423184485e-02,-7.979302331043461316e-02,-3.359070164196875097e-01,-7.699978291270194293e-06,3.706083355491102342e-07
1.225718476747053698e+00,6.845474442023911088e-01,-1.161553144651510383e-01,-4.794506006238959464e-03,2.982611471028186537e-02,1.647955705183111741e+00,1.247837420564226640e+00,4.136387570150727736e-07,-3.493031856315548037e-07,-3.317457108957356238e-01,-2.767967942310991039e-02,4.070679630155705359e-02,-1.001249035677458099e-01,9.571931469601072107e-02,-9.541562922726727625e-02,-3.303012220643369301e-01,3.759148027204396228e-06,-1.057378298539434200e-05
1.212503283320619740e+00,6.830917726816205793e-01,-1.166688835377569927e-01,-9.851916670284541905e-03,3.092451311392313551e-02,1.643142240128316223e+00,1.234369219470381474e+00,5.637211408773463779e-07,-4.790174960483363915e-07,-3.315388015149923762e-01,-2.625705671555070286e-02,4.117896509319955017e-02,-9.859947910309801999e-02,9.603983137384548840e-02,-1.099185563491916762e-01,-3.252237048426496191e-01,-3.181271490198946926e-06,-3.823904574444836086e-06
1.199288739082628563e+00,6.817214931267041589e-01,-1.171419498940601822e-01,-1.480798011332885682e-02,3.202417224111490240e-02,1.637616525892848340e+00,1.221111125897756278e+00,4.727866029181877341e-07,-3.779467616985765756e-07,-3.312041156966816224e-01,-2.416629438698077170e-02,4.145800644629367426e-02,-9.703900782135506387e-02,9.638066443586612575e-02,-1.241707612731813154e-01,-3.206204130735481050e-01,-7.920166273487427592e-06,8.875700871005983948e-07
1.186085247385720631e+00,6.804692116210172559e-01,-1.175553298011827313e-01,-1.962655021409242043e-02,3.314573348053756474e-02,1.631410160644708673e+00,1.208048236583763702e+00,2.568960184133587341e-07,-1.571364243191083217e-07,-3.303953103463905805e-01,-2.125269296346660869e-02,4.193375599017380717e-02,-9.512063979480005205e-02,9.711716684521531917e-02,-1.373514779884146553e-01,-3.162502862388974489e-01,-9.370178097463654975e-06,2.473005853356586715e-06
1.172952599180998590e+00,6.794486673903192830e-01,-1.177536471717470223e-01,-2.419491204909921672e-02,3.442695821292156982e-02,1.624501370627154051e+00,1.195196914346815076e+00,3.347827083379953690e-08,5.612505489620876054e-08,-3.267254893007091043e-01,-1.478111196518062942e-02,4.459531766938036601e-02,-9.285573384394917029e-02,1.001542025905608618e-01,-1.499934800738901286e-01,-3.107644122495522576e-01,-7.984641016221673911e-06,1.447721914442036218e-06
1.160024199108425913e+00,6.787897914039935365e-01,-1.177106764187929033e-01,-2.848503395080107317e-02,3.589291880554702774e-02,1.616906793631093020e+00,1.182611101634795103e+00,3.794070029974569042e-07,-3.230740704325380503e-07,-3.195742567921492916e-01,-5.600259362380423205e-03,4.623140898162335366e-02,-9.112511213414463407e-02,1.027404621297454690e-01,-1.615297901892929211e-01,-3.037043226237418070e-01,3.887329314173243081e-06,-9.194807908404092241e-06
1.147409650235374334e+00,6.784864020668250895e-01,-1.175706888141157258e-01,-3.252106256805253892e-02,3.745394695682475322e-02,1.608915687471656142e+00,1.170335676053098517e+00,5.138087378767298074e-07,-4.432155360432061191e-07,-3.107625227700506199e-01,1.905961005256570640e-03,4.492490946684942615e-02,-8.828922144583496723e-02,1.030527259727962164e-01,-1.665879338794260256e-01,-2.959554123017342220e-01,-2.124021669805977316e-06,-2.672942393637033789e-06
1.135158820592497619e+00,6.784953091380101498e-01,-1.173529742969697670e-01,-3.625832467230142436e-02,3.909852984320245223e-02,1.600667892812978943e+00,1.158391434311154988e+00,4.287840935292598846e-07,-3.505423931093115203e-07,-3.008597543648967587e-01,8.767045316888424575e-03,4.373873600457915678e-02,-8.461645356645801364e-02,1.031912379564681598e-01,-1.697309336214898601e-01,-2.876988171455298615e-01,-6.216136939443807077e-06,1.898215662490821235e-06
1.123306477103431122e+00,6.787793353202424829e-01,-1.170945990999118502e-01,-3.972124384789856716e-02,4.079196707335475819e-02,1.592216238517270233e+00,1.146795228562467850e+00,2.317250387229705437e-07,-1.453534902541828832e-07,-2.904809143325233212e-01,1.459222173714861369e-02,4.183735173935029805e-02,-8.106675370531754576e-02,1.024558207433554496e-01,-1.723768797254565666e-01,-2.791429387820982266e-01,-7.324376126941206627e-06,3.580184607846172577e-06
1.111857043326954564e+00,6.792723851502122656e-01,-1.168499553413031439e-01,-4.295374089424564695e-02,4.249248859947615808e-02,1.583623074541184117e+00,1.135551780476686146e+00,3.687064198692799012e-08,6.200451486451459781e-08,-2.804430396737758735e-01,1.857934145768429246e-02,3.933303443069838951e-02,-7.743357510064768912e-02,1.009190898119211033e-01,-1.742020463949834619e-01,-2.706775381744500053e-01,-5.975659738747499460e-06,2.709933299936953406e-06
1.100784551517798082e+00,6.798634292642300458e-01,-1.166829172027099154e-01,-4.602947324092706433e-02,4.415941239411817071e-02,1.574964215416065905e+00,1.124650980601478611e+00,3.712051904924853062e-07,-2.728373314907723251e-07,-2.715145928276354037e-01,1.947276837052015069e-02,3.640941106336759159e-02,-7.366626688111581334e-02,9.862230090716116171e-02,-1.753716311681587092e-01,-2.627326038773755701e-01,4.741508576530578077e-06,-7.337156858658888104e-06
1.090044155121276725e+00,6.804902828196335296e-01,-1.165435297594202835e-01,-4.888943208280073505e-02,4.580134632260280531e-02,1.566217769154934825e+00,1.114070097963558048e+00,5.016539095386009219e-07,-3.776782852790259972e-07,-2.634856457276608110e-01,2.000306035118745024e-02,3.477186539050367009e-02,-6.914068563808353773e-02,9.686001706057281724e-02,-1.771469065228294115e-01,-2.552699045321401572e-01,-1.050411613837907883e-06,-1.573052750165016779e-06
1.079612248637321414e+00,6.811490504869336382e-01,-1.164028888159249486e-01,-5.149965994013160769e-02,4.743538486907904195e-02,1.557440509136909679e+00,1.103794151510605115e+00,4.270514035387275754e-07,-2.890430119147431362e-07,-2.558037437784125290e-01,2.059269822889261276e-02,3.345728470495716589e-02,-6.417264063275351926e-02,9.544386445499469795e-02,-1.772029282293307584e-01,-2.480892536904962253e-01,-4.991151181963508029e-06,2.474138907582917861e-06
1.069489224358626034e+00,6.818399264164507478e-01,-1.162422310615138510e-01,-5.384153897482985701e-02,4.909042502938493202e-02,1.548734252718911630e+00,1.093815468275022740e+00,2.457217703035624414e-07,-9.998744123248720318e-08,-2.478318719229980760e-01,2.111560416343272184e-02,3.242019077103788782e-02,-5.883620789564537878e-02,9.441722695054313719e-02,-1.750346334711147811e-01,-2.409702509478746923e-01,-6.175321371082855599e-06,3.868006255169659421e-06
1.059698325128166640e+00,6.825455546307039878e-01,-1.160575868551286804e-01,-5.591884475463061721e-02,5.078806261996575422e-02,1.540215829358515975e+00,1.084135230730165933e+00,7.499995620503508066e-08,7.401172852270403895e-08,-2.391379890423837029e-01,2.096871282219829255e-02,3.142334729150282613e-02,-5.318427374041737044e-02,9.343819093472538473e-02,-1.706148120121701584e-01,-2.337167984448972613e-01,-4.182295410345755290e-06,2.041742126587895076e-06
1.050262045190773375e+00,6.832427238825070637e-01,-1.158641430548789514e-01,-5.774148205507954879e-02,5.250600950853314547e-02,1.531909088462992674e+00,1.074758134717908931e+00,3.672870603770620414e-07,-2.287882542242373534e-07,-2.301189541440864239e-01,2.039486716705898872e-02,3.009802566132876306e-02,-4.772056053366601630e-02,9.187743908287848704e-02,-1.662506384002076787e-01,-2.263607050011615107e-01,4.560306779862888040e-06,-5.994233628382415623e-06
1.041187973121016075e+00,6.839139086623188257e-01,-1.156764441846273861e-01,-5.933101249884836087e-02,5.423014803758267194e-02,1.523827070130969963e+00,1.065685625397291059e+00,4.745347029682286562e-07,-3.193325037835939003e-07,-2.210406331317146533e-01,1.940141767982094673e-02,2.861067401270031216e-02,-4.248473363163467881e-02,9.004034234758447053e-02,-1.616918430623872083e-01,-2.189929132823864866e-01,-6.478431729892434014e-07,-7.705951117683097365e-07
1.032474097867724927e+00,6.845463662119873893e-01,-1.155030002789103338e-01,-6.070019620831897805e-02,5.594705147348305596e-02,1.515971956116116459e+00,1.056915982005986132e+00,3.997971328581433119e-07,-2.350523011542992400e-07,-2.121190063256304936e-01,1.821079172947164329e-02,2.703029470631098177e-02,-3.747805244559879873e-02,8.798180849893955102e-02,-1.571820677956814460e-01,-2.116891787613560394e-01,-4.148827384705218675e-06,2.811658723730986885e-06
1.024112586155118354e+00,6.851354122499824228e-01,-1.153478898874978342e-01,-6.186095711487377830e-02,5.765014421097736097e-02,1.508346738778779450e+00,1.048445052851443071e+00,2.334080016716520475e-07,-6.170994277094042013e-08,-2.034267760731952313e-01,1.697443951228069445e-02,2.542745072375122289e-02,-3.272757211990257736e-02,8.585564992531830031e-02,-1.525993381343622723e-01,-2.044928516622002979e-01,-5.153638561226674167e-06,3.964455194524100579e-06
1.016093807073364275e+00,6.856814059487332802e-01,-1.152134893143763328e-01,-6.282307470800765903e-02,5.933508139108905483e-02,1.500955807784341456e+00,1.040267476638081501e+00,1.089461691379401419e-07,6.560935370479313841e-08,-1.949900326557282570e-01,1.580247250533525771e-02,2.380531610438601370e-02,-2.823894660842291710e-02,8.370051799475118626e-02,-1.479006818316854766e-01,-1.974261213907414769e-01,-2.474140173249208624e-06,1.446977084780112223e-06
1.008410043580454607e+00,6.861764420565032996e-01,-1.151123231020145521e-01,-6.364273907680485787e-02,6.100277308356059219e-02,1.493775354033664682e+00,1.032379316838379690e+00,3.565617333384284649e-07,-1.861837049553643118e-07,-1.867609094076887744e-01,1.419625707451753482e-02,2.211668817530230979e-02,-2.454139906999467866e-02,8.150820248906828769e-02,-1.440812646608849446e-01,-1.904663686394139632e-01,3.990097192945946179e-06,-4.584945718104910076e-06
